0.988335,0.002364,0.009301
0.002124,0.990648,0.007228
0.294817,0.186346,0.518837
0.420184,0.500593,0.079224
0.653339,0.339799,0.006862
0.040979,0.035681,0.923341
0.001531,0.995853,0.002616
0.984672,0.012248,0.003080
0.962192,0.012286,0.025522
0.200478,0.029603,0.769919
0.997816,0.001247,0.000937
0.969888,0.021916,0.008195
0.009004,0.986304,0.004691
0.990466,0.008141,0.001393
0.990933,0.008554,0.000512
0.002677,0.004433,0.992889
0.014455,0.940355,0.045190
0.002235,0.005112,0.992653
0.032298,0.168075,0.799627
0.965843,0.011318,0.022839
0.007942,0.063632,0.928426
0.003694,0.006333,0.989973
0.993969,0.005074,0.000958
0.006846,0.007807,0.985347
0.090992,0.192929,0.716079
0.006241,0.981613,0.012146
0.994125,0.002967,0.002909
0.002868,0.993537,0.003595
0.013752,0.967828,0.018420
0.664157,0.316647,0.019196
0.039252,0.892682,0.068065
0.005611,0.993233,0.001156
0.954243,0.017589,0.028169
0.979599,0.019326,0.001074
0.004025,0.003640,0.992335
0.174410,0.058278,0.767312
0.002388,0.001841,0.995771
0.142448,0.749709,0.107843
0.022716,0.970087,0.007198
0.086732,0.009035,0.904233
0.003705,0.003392,0.992903
0.003226,0.008566,0.988208
0.007029,0.989975,0.002996
0.596043,0.077702,0.326255
0.219078,0.010980,0.769943
0.994148,0.005226,0.000627
0.058261,0.906928,0.034812
0.473781,0.383466,0.142753
0.398345,0.581683,0.019972
0.004266,0.006919,0.988815
0.994013,0.005571,0.000417
0.998181,0.001102,0.000717
0.013456,0.009555,0.976989
0.002043,0.993900,0.004057
0.998974,0.000651,0.000375
0.007979,0.002871,0.989150
0.002762,0.002200,0.995038
0.117174,0.857075,0.025751
0.105917,0.880445,0.013638
0.091180,0.303749,0.605071
0.984150,0.011388,0.004463
0.006648,0.989571,0.003782
0.001738,0.002736,0.995526
0.931552,0.052650,0.015798
0.013317,0.042470,0.944213
0.013735,0.027972,0.958294
0.090907,0.893433,0.015660
0.001188,0.001390,0.997423
0.383227,0.521119,0.095654
0.004098,0.991854,0.004048
0.004551,0.992670,0.002779
0.017506,0.974520,0.007974
0.985689,0.010698,0.003613
0.971792,0.025447,0.002761
0.058896,0.118059,0.823045
0.004203,0.357907,0.637890
0.001152,0.001125,0.997723
0.001678,0.003258,0.995065
0.037826,0.939053,0.023120
0.997774,0.001304,0.000922
0.996657,0.002304,0.001039
0.993655,0.001367,0.004978
0.008844,0.003000,0.988156
0.229012,0.007692,0.763296
0.013421,0.965208,0.021371
0.002290,0.004036,0.993673
0.996701,0.002247,0.001052
0.372714,0.590434,0.036852
0.997477,0.000994,0.001528
0.001636,0.995016,0.003348
0.001744,0.001317,0.996939
0.049763,0.012968,0.937269
0.743640,0.201462,0.054898
0.958303,0.036501,0.005196
0.994306,0.001717,0.003977
0.002478,0.004015,0.993507
0.010279,0.965843,0.023878
0.019408,0.974089,0.006503
0.417851,0.502639,0.079509
0.138823,0.833628,0.027549
0.006044,0.007721,0.986235
0.012027,0.029202,0.958771
0.024993,0.972153,0.002854
0.007032,0.976760,0.016208
0.007005,0.984365,0.008630
0.003764,0.946240,0.049996
0.026824,0.014175,0.959001
0.998549,0.000702,0.000749
0.058647,0.937518,0.003835
0.000830,0.001606,0.997564
0.971631,0.025838,0.002532
0.007403,0.013638,0.978959
0.162258,0.819826,0.017916
0.980980,0.005069,0.013951
0.003596,0.008612,0.987793
0.074630,0.913767,0.011603
0.023458,0.004314,0.972229
0.592376,0.252234,0.155391
0.037818,0.004280,0.957902
0.404306,0.528028,0.067666
0.015551,0.007595,0.976855
0.000891,0.001983,0.997126
0.002093,0.001271,0.996636
0.004174,0.003700,0.992126
0.149243,0.223801,0.626956
0.006518,0.977887,0.015595
0.014142,0.984517,0.001341
0.013343,0.004332,0.982326
0.970840,0.011978,0.017183
0.007752,0.042789,0.949460
0.786050,0.108168,0.105782
0.012962,0.002863,0.984175
0.001792,0.995799,0.002409
0.367034,0.297792,0.335174
0.050143,0.009773,0.940084
0.978821,0.004996,0.016184
0.004142,0.001157,0.994701
0.004303,0.003098,0.992600
0.920014,0.011830,0.068156
0.997606,0.001209,0.001185
0.990165,0.004325,0.005510
0.033745,0.935760,0.030496
0.003284,0.002399,0.994317
0.150854,0.394762,0.454384
0.135353,0.092035,0.772612
0.955248,0.002051,0.042702
0.019676,0.006101,0.974223
0.744938,0.225807,0.029255
0.978108,0.017792,0.004099
0.019685,0.959652,0.020663
0.970111,0.029042,0.000847
0.004736,0.994492,0.000773
0.391715,0.585336,0.022950
0.994921,0.004269,0.000810
0.009823,0.867389,0.122788
0.080331,0.460463,0.459205
0.007318,0.962004,0.030678
0.997868,0.001102,0.001031
0.007352,0.990118,0.002530
0.076344,0.915316,0.008339
0.001714,0.992553,0.005734
0.010063,0.984557,0.005381
0.996990,0.001424,0.001587
0.003172,0.004028,0.992800
0.005599,0.990648,0.003753
0.011768,0.019656,0.968576
0.692343,0.260174,0.047484
0.887162,0.039164,0.073673
0.008874,0.002739,0.988387
0.141584,0.853395,0.005021
0.002334,0.996927,0.000739
0.999193,0.000424,0.000383
0.579116,0.281695,0.139189
0.003640,0.985327,0.011032
0.998057,0.001322,0.000621
0.013788,0.005722,0.980490
0.012122,0.940147,0.047731
0.004931,0.989660,0.005410
0.005411,0.989896,0.004692
0.435940,0.552545,0.011515
0.009458,0.003204,0.987338
0.685989,0.074292,0.239719
0.007154,0.983810,0.009036
0.995650,0.002366,0.001984
0.777433,0.156500,0.066067
0.994129,0.001226,0.004645
0.000522,0.000866,0.998613
0.814849,0.136524,0.048627
0.022774,0.086666,0.890561
0.998378,0.000958,0.000663
0.751328,0.175828,0.072843
0.795223,0.180253,0.024524
0.983194,0.013308,0.003499
0.687416,0.007563,0.305021
0.714176,0.245861,0.039963
0.011230,0.128545,0.860225
0.984215,0.006960,0.008824
0.940087,0.004426,0.055487
0.003738,0.976615,0.019648
0.036370,0.106492,0.857138
0.995043,0.000806,0.004151
0.001538,0.995700,0.002761
0.107897,0.848351,0.043752
0.013725,0.001901,0.984374
0.956555,0.020697,0.022748
0.002648,0.001766,0.995586
0.613284,0.064163,0.322553
0.001569,0.989215,0.009216
0.002846,0.006449,0.990704
0.008389,0.972102,0.019510
0.001529,0.993809,0.004661
0.053630,0.859712,0.086658
0.001277,0.002244,0.996479
0.036287,0.016889,0.946824
0.019597,0.010564,0.969838
0.983251,0.001154,0.015595
0.026949,0.957844,0.015207
0.001546,0.993269,0.005186
0.011481,0.984381,0.004137
0.008244,0.977699,0.014057
0.002358,0.009900,0.987743
0.995635,0.003664,0.000701
0.225161,0.768441,0.006397
0.995396,0.002525,0.002079
0.990452,0.004759,0.004789
0.007225,0.003859,0.988917
0.969409,0.008551,0.022040
0.004527,0.988435,0.007038
0.991942,0.002243,0.005815
0.004408,0.983067,0.012525
0.061226,0.935112,0.003662
0.005361,0.002756,0.991883
0.369541,0.542962,0.087498
0.821706,0.164108,0.014187
0.635120,0.356828,0.008052
0.974276,0.003022,0.022702
0.001685,0.992909,0.005406
0.998146,0.001286,0.000568
0.035469,0.898369,0.066161
0.008323,0.002174,0.989503
0.799872,0.040068,0.160060
0.001946,0.001953,0.996101
0.800248,0.107504,0.092248
0.050819,0.928145,0.021036
0.001521,0.965088,0.033391
0.028375,0.063224,0.908401
0.990614,0.006357,0.003029
0.020182,0.976667,0.003151
0.028264,0.967102,0.004634
0.947965,0.040598,0.011437
0.964796,0.002715,0.032490
0.523299,0.022193,0.454508
0.020086,0.004983,0.974931
0.019085,0.922347,0.058568
0.003211,0.992961,0.003828
0.000581,0.001686,0.997733
0.082447,0.766426,0.151127
0.997950,0.001336,0.000714
0.956193,0.006327,0.037480
0.996091,0.003094,0.000815
0.990671,0.008500,0.000829
0.893203,0.100705,0.006092
0.009612,0.026904,0.963485
0.016035,0.977596,0.006369
0.050883,0.067740,0.881377
0.019669,0.002487,0.977845
0.001052,0.001281,0.997667
0.001913,0.991874,0.006213
0.000650,0.001450,0.997900
0.053533,0.943211,0.003255
0.000815,0.000848,0.998336
0.998623,0.000762,0.000615
0.490812,0.490456,0.018732
0.006897,0.988191,0.004912
0.086786,0.908620,0.004594
0.016764,0.976380,0.006856
0.049509,0.947568,0.002923
0.061424,0.909457,0.029119
0.587560,0.302172,0.110268
0.018649,0.973818,0.007532
0.993110,0.004941,0.001949
0.002905,0.980364,0.016732
0.994011,0.002159,0.003830
0.001077,0.000990,0.997932
0.996193,0.002732,0.001075
0.098249,0.669218,0.232533
0.996849,0.000922,0.002229
0.004254,0.002237,0.993509
0.008794,0.002169,0.989037
0.001963,0.991823,0.006214
0.000549,0.001172,0.998279
0.005185,0.985426,0.009389
0.002963,0.988457,0.008580
0.422592,0.005055,0.572353
0.002615,0.949141,0.048244
0.013269,0.004923,0.981808
0.020991,0.954776,0.024233
0.024983,0.940843,0.034174
0.012944,0.019018,0.968039
0.520173,0.473881,0.005946
0.126068,0.052070,0.821862
0.983596,0.015866,0.000537
0.880658,0.015490,0.103853
0.018408,0.974296,0.007297
0.021684,0.237119,0.741197
0.500159,0.012547,0.487294
0.997750,0.000501,0.001749
0.917280,0.023848,0.058872
0.997865,0.000983,0.001152
0.020114,0.475647,0.504240
0.128552,0.237263,0.634186
0.007371,0.983677,0.008952
0.000861,0.002462,0.996677
0.005750,0.004551,0.989700
0.013598,0.980577,0.005825
0.816232,0.064174,0.119593
0.013479,0.959269,0.027251
0.001661,0.993055,0.005285
0.974532,0.006704,0.018764
0.991447,0.006023,0.002530
0.186166,0.807895,0.005939
0.992240,0.001119,0.006641
0.011462,0.983978,0.004560
0.275953,0.716331,0.007716
0.956186,0.027165,0.016649
0.995454,0.003652,0.000894
0.164438,0.009473,0.826090
0.744863,0.041678,0.213459
0.055105,0.184494,0.760401
0.004469,0.002656,0.992875
0.885249,0.083526,0.031225
0.006276,0.981920,0.011804
0.004366,0.983842,0.011792
0.928391,0.020778,0.050831
0.003954,0.005273,0.990773
0.197954,0.510637,0.291408
0.003880,0.002895,0.993225
0.020646,0.200115,0.779239
0.995607,0.001148,0.003246
0.005467,0.988671,0.005863
0.002565,0.002084,0.995351
0.000786,0.002776,0.996438
0.002563,0.993055,0.004383
0.274499,0.214076,0.511425
0.006747,0.984983,0.008270
0.012467,0.978660,0.008873
0.006624,0.980272,0.013104
0.520889,0.473393,0.005718
0.248438,0.036586,0.714976
0.005117,0.986007,0.008876
0.351296,0.640347,0.008358
0.958138,0.034194,0.007668
0.006312,0.002592,0.991097
0.004591,0.012218,0.983191
0.006771,0.021260,0.971969
0.007117,0.002841,0.990042
0.006087,0.967800,0.026113
0.006031,0.988829,0.005140
0.054458,0.004440,0.941103
0.048601,0.929030,0.022369
0.005491,0.046732,0.947777
0.001863,0.001381,0.996755
0.002950,0.003296,0.993754
0.996912,0.000700,0.002388
0.998211,0.000665,0.001124
0.018445,0.958058,0.023497
0.669802,0.235089,0.095109
0.267136,0.727853,0.005011
0.005439,0.008477,0.986084
0.459073,0.523226,0.017701
0.993303,0.001680,0.005017
0.002297,0.994149,0.003553
0.073463,0.034535,0.892001
0.020552,0.023082,0.956365
0.006666,0.003667,0.989667
0.008612,0.022688,0.968700
0.008866,0.968877,0.022257
0.996638,0.001039,0.002323
0.993417,0.002177,0.004406
0.791398,0.003851,0.204751
0.032879,0.015738,0.951383
0.021530,0.002558,0.975912
0.997002,0.001496,0.001502
0.000882,0.005383,0.993735
0.149621,0.179140,0.671239
0.846362,0.130195,0.023443
0.993770,0.002545,0.003685
0.947575,0.021357,0.031068
0.942385,0.051008,0.006608
0.981959,0.012611,0.005431
0.048269,0.009212,0.942519
0.004090,0.991448,0.004462
0.997195,0.001210,0.001595
0.995342,0.002291,0.002367
0.995508,0.001871,0.002621
0.022752,0.092753,0.884495
0.656531,0.333233,0.010236
0.018450,0.958588,0.022962
0.004092,0.993296,0.002612
0.006858,0.004057,0.989085
0.538978,0.017403,0.443619
0.003293,0.001820,0.994888
0.064512,0.058799,0.876689
0.028034,0.954096,0.017870
0.078675,0.895441,0.025884
0.007924,0.977102,0.014974
0.031586,0.935309,0.033105
0.005577,0.050588,0.943836
0.178596,0.817588,0.003816
0.123741,0.866605,0.009654
0.029079,0.951177,0.019744
0.025770,0.078380,0.895850
0.366452,0.119772,0.513776
0.001057,0.996310,0.002633
0.005672,0.001439,0.992889
0.075382,0.011830,0.912788
0.002850,0.979704,0.017446
0.086243,0.005587,0.908170
0.264345,0.002924,0.732731
0.028404,0.962057,0.009539
0.953007,0.009508,0.037485
0.076965,0.075197,0.847838
0.007279,0.989480,0.003241
0.003054,0.982215,0.014731
0.005259,0.978569,0.016172
0.007346,0.005824,0.986830
0.011105,0.013060,0.975836
0.627561,0.005676,0.366763
0.014074,0.984665,0.001261
0.001644,0.994555,0.003801
0.560064,0.365268,0.074669
0.064714,0.025444,0.909842
0.998131,0.000455,0.001413
0.055769,0.002831,0.941400
0.999017,0.000669,0.000314
0.970674,0.022864,0.006463
0.008207,0.003078,0.988716
0.051112,0.874863,0.074024
0.001164,0.988625,0.010211
0.996693,0.000956,0.002351
0.631453,0.043122,0.325425
0.026219,0.001646,0.972135
0.009444,0.967939,0.022617
0.010067,0.712471,0.277463
0.859913,0.129310,0.010777
0.715777,0.063493,0.220730
0.995943,0.000407,0.003650
0.007651,0.987106,0.005243
0.994764,0.002032,0.003203
0.714259,0.273347,0.012394
0.721831,0.083496,0.194673
0.010056,0.024247,0.965697
0.995207,0.004140,0.000653
0.843645,0.153216,0.003138
0.997638,0.001583,0.000779
0.002503,0.993943,0.003554
0.069621,0.899036,0.031344
0.005879,0.985326,0.008796
0.926061,0.042859,0.031079
0.186768,0.794359,0.018873
0.986120,0.007586,0.006294
0.808264,0.158797,0.032939
0.002951,0.002932,0.994117
0.037722,0.945665,0.016613
0.033128,0.012085,0.954787
0.001033,0.001121,0.997846
0.032155,0.003889,0.963955
0.073563,0.012533,0.913903
0.998543,0.000810,0.000647
0.972757,0.025908,0.001335
0.022133,0.967897,0.009970
0.001000,0.001211,0.997789
0.007284,0.009016,0.983700
0.002086,0.001244,0.996671
0.969345,0.028633,0.002021
0.997564,0.000491,0.001945
0.041410,0.927507,0.031083
0.037142,0.955664,0.007195
0.331929,0.076148,0.591924
0.001666,0.995963,0.002371
0.132424,0.012503,0.855073
0.000840,0.001127,0.998034
0.013140,0.976777,0.010083
0.180815,0.797627,0.021558
0.372393,0.013171,0.614436
0.001055,0.990488,0.008458
0.970548,0.023082,0.006370
0.015547,0.916066,0.068387
0.605464,0.377464,0.017072
0.005139,0.006577,0.988284
0.994511,0.002834,0.002655
0.991997,0.002277,0.005726
0.997685,0.000847,0.001468
0.003052,0.008006,0.988941
0.003994,0.991171,0.004835
0.002477,0.992841,0.004682
0.007069,0.988131,0.004800
0.995570,0.002976,0.001454
0.000932,0.001123,0.997945
0.993980,0.001942,0.004078
0.003501,0.992242,0.004257
0.044988,0.008127,0.946885
0.003268,0.002253,0.994479
0.010324,0.914663,0.075013
0.001786,0.995922,0.002293
0.001531,0.995738,0.002732
0.227161,0.008934,0.763904
0.024441,0.011537,0.964021
0.007586,0.001544,0.990871
0.990936,0.008545,0.000519
0.005863,0.968159,0.025978
0.002608,0.977042,0.020350
0.827491,0.087400,0.085109
0.059428,0.928172,0.012400
0.712593,0.004276,0.283131
0.004389,0.007162,0.988449
0.000549,0.001043,0.998408
0.997226,0.002153,0.000621
0.321696,0.670023,0.008281
0.516790,0.475810,0.007401
0.996399,0.001369,0.002232
0.002292,0.007263,0.990445
0.007348,0.964283,0.028369
0.997930,0.000918,0.001152
0.012446,0.909693,0.077861
0.606903,0.369417,0.023680
0.015002,0.971547,0.013451
0.009075,0.001453,0.989472
0.994987,0.003392,0.001621
0.002954,0.974236,0.022810
0.998132,0.000409,0.001458
0.876346,0.108455,0.015199
0.040551,0.940876,0.018572
0.200558,0.757047,0.042396
0.001166,0.001328,0.997506
0.732471,0.250773,0.016756
0.696904,0.142781,0.160315
0.004534,0.000821,0.994645
0.529217,0.212300,0.258483
0.062170,0.915209,0.022621
0.001497,0.002674,0.995829
0.153104,0.840372,0.006524
0.548602,0.435717,0.015681
0.000886,0.996531,0.002583
0.997607,0.001129,0.001264
0.184058,0.707216,0.108726
0.996033,0.002110,0.001858
0.933197,0.032634,0.034169
0.062196,0.923523,0.014280
0.510167,0.464501,0.025332
0.005022,0.992688,0.002290
0.043009,0.943927,0.013064
0.590567,0.031116,0.378317
0.001054,0.001915,0.997030
0.922062,0.003170,0.074768
0.003724,0.001166,0.995110
0.428366,0.243826,0.327808
0.036965,0.008650,0.954385
0.030454,0.951778,0.017767
0.002654,0.001178,0.996167
0.741428,0.240110,0.018462
0.224645,0.756570,0.018785
0.001223,0.991540,0.007237
0.002152,0.991339,0.006509
0.862218,0.130719,0.007062
0.087992,0.762168,0.149840
0.004543,0.987702,0.007755
0.000936,0.001575,0.997489
0.300370,0.138236,0.561394
0.968457,0.009075,0.022468
0.006544,0.986624,0.006832
0.898188,0.043913,0.057898
0.956392,0.004021,0.039587
0.998955,0.000411,0.000634
0.971834,0.027506,0.000660
0.044199,0.038486,0.917315
0.129030,0.073083,0.797887
0.006067,0.989556,0.004377
0.948613,0.011140,0.040247
0.998845,0.000834,0.000321
0.004182,0.001292,0.994525
0.983685,0.007866,0.008448
0.024240,0.969031,0.006729
0.011037,0.981412,0.007551
0.723717,0.159263,0.117020
0.998721,0.000529,0.000749
0.984606,0.002352,0.013042
0.803769,0.182616,0.013615
0.007581,0.001395,0.991024
0.998492,0.001005,0.000503
0.023434,0.030235,0.946331
0.996276,0.001402,0.002322
0.009893,0.955295,0.034812
0.016314,0.982242,0.001444
0.003215,0.295919,0.700866
0.001839,0.995505,0.002656
0.065167,0.926598,0.008236
0.168597,0.121449,0.709954
0.992178,0.000621,0.007201
0.990414,0.005990,0.003596
0.007181,0.005377,0.987442
0.004923,0.985812,0.009264
0.014426,0.003057,0.982517
0.996320,0.003069,0.000611
0.992959,0.003622,0.003419
0.002769,0.990506,0.006725
0.017562,0.032283,0.950155
0.241270,0.743923,0.014806
0.016919,0.007912,0.975169
0.598968,0.385750,0.015282
0.875072,0.009512,0.115416
0.051039,0.900078,0.048883
0.004576,0.001457,0.993967
0.000907,0.001063,0.998030
0.997871,0.000529,0.001600
0.016672,0.897202,0.086127
0.801862,0.123869,0.074269
0.016887,0.964135,0.018978
0.066269,0.013760,0.919971
0.023351,0.966422,0.010227
0.008608,0.989782,0.001610
0.004126,0.990910,0.004964
0.002447,0.979606,0.017948
0.995658,0.003168,0.001173
0.992952,0.005585,0.001463
0.012694,0.942017,0.045289
0.098307,0.878695,0.022997
0.002427,0.994624,0.002950
0.008633,0.082381,0.908986
0.972654,0.025817,0.001528
0.913463,0.078410,0.008128
0.029839,0.963454,0.006708
0.008978,0.948879,0.042143
0.995886,0.000463,0.003651
0.879771,0.117265,0.002964
0.000636,0.001423,0.997941
0.928188,0.069442,0.002370
0.690026,0.285996,0.023978
0.989047,0.009736,0.001217
0.126232,0.010671,0.863097
0.315470,0.026253,0.658277
0.994979,0.001100,0.003922
0.479468,0.466829,0.053703
0.984537,0.002352,0.013111
0.045100,0.950933,0.003967
0.008477,0.003295,0.988228
0.006231,0.987150,0.006619
0.007129,0.005822,0.987049
0.001614,0.006818,0.991568
0.326416,0.522727,0.150857
0.022738,0.960978,0.016284
0.017481,0.015458,0.967061
0.004583,0.987544,0.007873
0.591000,0.402527,0.006473
0.009772,0.004466,0.985762
0.015347,0.005004,0.979649
0.106308,0.878808,0.014884
0.991404,0.000707,0.007889
0.004602,0.988638,0.006760
0.040133,0.003895,0.955972
0.029765,0.133724,0.836511
0.018848,0.003592,0.977560
0.060023,0.904178,0.035799
0.012338,0.945253,0.042409
0.995914,0.000495,0.003592
0.183125,0.200350,0.616525
0.014188,0.981607,0.004205
0.001872,0.002081,0.996047
0.004446,0.990410,0.005144
0.005908,0.955563,0.038529
0.000752,0.002729,0.996519
0.983312,0.011578,0.005110
0.019603,0.972687,0.007710
0.442161,0.008634,0.549205
0.002910,0.012199,0.984891
0.998924,0.000643,0.000433
0.996620,0.000591,0.002790
0.004374,0.033172,0.962454
0.996986,0.001756,0.001259
0.025449,0.973190,0.001361
0.043710,0.914069,0.042221
0.194394,0.798622,0.006984
0.611800,0.381876,0.006324
0.158210,0.060682,0.781107
0.000830,0.001908,0.997263
0.003881,0.001888,0.994230
0.002957,0.002722,0.994321
0.117212,0.872715,0.010072
0.029415,0.433922,0.536662
0.960325,0.011715,0.027959
0.989902,0.003091,0.007007
0.001436,0.001705,0.996859
0.103609,0.007474,0.888917
0.973702,0.024449,0.001849
0.001513,0.001780,0.996708
0.108933,0.886330,0.004737
0.009435,0.006030,0.984535
0.020475,0.950132,0.029392
0.005881,0.347939,0.646179
0.419611,0.574913,0.005477
0.092212,0.005776,0.902012
0.005471,0.030537,0.963992
0.723839,0.100069,0.176091
0.996276,0.001177,0.002547
0.690843,0.262251,0.046905
0.051599,0.010156,0.938245
0.026958,0.967267,0.005776
0.061233,0.006601,0.932166
0.006446,0.987895,0.005659
0.001162,0.000973,0.997866
0.991494,0.000860,0.007645
0.473749,0.506647,0.019604
0.012978,0.005389,0.981632
0.016845,0.981810,0.001346
0.002862,0.003393,0.993746
0.003677,0.978092,0.018231
0.001444,0.004497,0.994059
0.992503,0.001332,0.006165
0.035071,0.803388,0.161541
0.003589,0.993004,0.003406
0.059848,0.927950,0.012202
0.000389,0.003102,0.996510
0.862638,0.075847,0.061515
0.772704,0.205240,0.022056
0.776888,0.181681,0.041430
0.001219,0.003251,0.995530
0.026617,0.957790,0.015593
0.034106,0.005393,0.960502
0.983671,0.002238,0.014091
0.001784,0.002105,0.996111
0.009279,0.985528,0.005194
0.003521,0.989346,0.007133
0.988491,0.004483,0.007026
0.008635,0.989534,0.001830
0.035827,0.079287,0.884886
0.002596,0.992365,0.005039
0.951738,0.036457,0.011805
0.591638,0.318305,0.090057
0.002954,0.001628,0.995418
0.004368,0.991246,0.004386
0.940308,0.033453,0.026239
0.003531,0.007793,0.988675
0.022462,0.010721,0.966816
0.013274,0.009962,0.976764
0.003599,0.978285,0.018116
0.020300,0.968750,0.010950
0.032730,0.959795,0.007475
0.009546,0.003711,0.986742
0.003923,0.001575,0.994502
0.013823,0.004889,0.981287
0.455998,0.511818,0.032184
0.990097,0.008221,0.001683
0.025460,0.912450,0.062090
0.133904,0.234404,0.631692
0.001143,0.001345,0.997512
0.008490,0.003139,0.988370
0.006349,0.982180,0.011471
0.950438,0.045656,0.003906
0.002667,0.993504,0.003829
0.614831,0.374298,0.010871
0.986855,0.011304,0.001840
0.367631,0.596813,0.035556
0.001348,0.001022,0.997629
0.987342,0.001632,0.011026
0.071912,0.903816,0.024271
0.003140,0.991051,0.005809
0.285204,0.587119,0.127677
0.006081,0.964498,0.029421
0.026066,0.971367,0.002566
0.998140,0.001230,0.000630
0.995641,0.000930,0.003430
0.666848,0.262611,0.070541
0.001529,0.001280,0.997191
0.143474,0.821557,0.034969
0.028419,0.970406,0.001175
0.943047,0.024599,0.032354
0.997321,0.002057,0.000622
0.100899,0.002679,0.896423
0.982053,0.014330,0.003617
0.784734,0.098627,0.116639
0.031106,0.922382,0.046512
0.001803,0.000924,0.997273
0.866436,0.043881,0.089684
0.021217,0.973584,0.005199
0.005357,0.988129,0.006514
0.105776,0.006565,0.887659
0.056827,0.913868,0.029306
0.005284,0.004449,0.990267
0.002364,0.991506,0.006130
0.300912,0.661150,0.037938
0.005440,0.984115,0.010445
0.002196,0.001990,0.995814
0.001117,0.002293,0.996590
0.060277,0.205998,0.733725
0.006136,0.004152,0.989713
0.018658,0.979589,0.001753
0.021656,0.002112,0.976232
0.831873,0.161337,0.006790
0.000803,0.002091,0.997106
0.203042,0.790922,0.006036
0.996720,0.000368,0.002912
0.000667,0.002004,0.997329
0.036451,0.107732,0.855817
0.990240,0.001005,0.008755
0.613959,0.055774,0.330267
0.002023,0.001334,0.996643
0.005024,0.976890,0.018087
0.005414,0.990584,0.004002
0.742860,0.137861,0.119278
0.003923,0.002228,0.993850
0.003769,0.990333,0.005898
0.996091,0.002643,0.001266
0.960340,0.013303,0.026357
0.997634,0.001287,0.001080
0.907592,0.084705,0.007703
0.001942,0.993211,0.004847
0.001867,0.007011,0.991123
0.100250,0.005968,0.893781
0.008201,0.982322,0.009476
0.998551,0.000734,0.000715
0.905844,0.087059,0.007097
0.906367,0.084425,0.009208
0.913064,0.032992,0.053944
0.988100,0.000763,0.011137
0.150410,0.372655,0.476935
0.016127,0.982750,0.001123
0.012670,0.974333,0.012997
0.019819,0.007752,0.972429
0.025956,0.021417,0.952628
0.003933,0.001049,0.995018
0.003526,0.984014,0.012460
0.032285,0.953281,0.014434
0.009369,0.002714,0.987917
0.017437,0.005336,0.977227
0.415224,0.574970,0.009807
0.023171,0.973667,0.003163
0.003410,0.001318,0.995272
0.001036,0.001307,0.997657
0.008153,0.004661,0.987186
0.977191,0.001717,0.021092
0.992537,0.002762,0.004701
0.000701,0.001148,0.998151
0.103723,0.773833,0.122444
0.992323,0.002538,0.005139
0.037593,0.007015,0.955392
0.002659,0.003125,0.994216
0.536601,0.444532,0.018867
0.001507,0.995390,0.003103
0.008053,0.983992,0.007955
0.208069,0.115053,0.676878
0.987535,0.005179,0.007286
0.105070,0.854841,0.040089
0.054596,0.239838,0.705566
0.002767,0.990089,0.007144
0.974183,0.005210,0.020606
0.537942,0.455791,0.006267
0.998277,0.001020,0.000703
0.005151,0.001121,0.993729
0.021418,0.974379,0.004203
0.001244,0.000871,0.997886
0.010363,0.012877,0.976760
0.023046,0.942059,0.034896
0.890662,0.103967,0.005371
0.003037,0.004977,0.991986
0.056838,0.938459,0.004703
0.937909,0.002262,0.059829
0.006328,0.003924,0.989748
0.013247,0.967380,0.019374
0.126761,0.821434,0.051806
0.023569,0.925954,0.050477
0.961545,0.032055,0.006400
0.997395,0.001567,0.001039
0.005151,0.989597,0.005252
0.037597,0.857946,0.104458
0.031914,0.958472,0.009614
0.004894,0.001461,0.993644
0.997000,0.002360,0.000640
0.001110,0.000865,0.998025
0.993095,0.006231,0.000673
0.030719,0.681288,0.287993
0.001739,0.995176,0.003085
0.994552,0.002947,0.002500
0.547608,0.440334,0.012058
0.006814,0.894973,0.098213
0.969233,0.009779,0.020988
0.171900,0.681428,0.146672
0.001332,0.001372,0.997296
0.988832,0.005084,0.006084
0.048592,0.933436,0.017972
0.005822,0.983300,0.010878
0.373660,0.003110,0.623230
0.968564,0.010357,0.021079
0.004261,0.969379,0.026360
0.021440,0.968109,0.010451
0.003768,0.003954,0.992278
0.994549,0.001030,0.004421
0.994389,0.001100,0.004511
0.002609,0.002194,0.995197
0.014551,0.941414,0.044036
0.014064,0.951149,0.034787
0.812667,0.037343,0.149991
0.003132,0.992557,0.004311
0.009613,0.971528,0.018859
0.000578,0.001149,0.998273
0.967998,0.008375,0.023627
0.000923,0.000999,0.998078
0.001360,0.001171,0.997469
0.012431,0.966838,0.020731
0.162417,0.020578,0.817004
0.007367,0.005954,0.986679
0.960372,0.010595,0.029033
0.830557,0.025196,0.144248
0.018298,0.972216,0.009485
0.016589,0.012715,0.970696
0.006670,0.986217,0.007112
0.035517,0.012427,0.952056
0.007992,0.011560,0.980447
0.035466,0.048494,0.916040
0.276030,0.712381,0.011589
0.018690,0.004063,0.977246
0.977896,0.014175,0.007928
0.003618,0.005597,0.990785
0.013747,0.975737,0.010516
0.003444,0.008451,0.988105
0.001089,0.996534,0.002377
0.987510,0.011286,0.001204
0.005177,0.003827,0.990996
0.001623,0.993937,0.004440
0.021892,0.900906,0.077201
0.996304,0.001096,0.002600
0.002533,0.002767,0.994699
0.001244,0.001076,0.997680
0.988499,0.004333,0.007168
0.644238,0.299475,0.056286
0.016221,0.970697,0.013082
0.208470,0.514488,0.277042
0.980150,0.009646,0.010204
0.005926,0.987895,0.006179
0.042562,0.029010,0.928428
0.045854,0.909614,0.044531
0.008616,0.931965,0.059419
0.006369,0.986385,0.007246
0.030503,0.966004,0.003494
0.679341,0.054961,0.265699
0.003757,0.991948,0.004295
0.990732,0.002059,0.007209
0.993189,0.004391,0.002420
0.019105,0.935051,0.045844
0.997545,0.001328,0.001127
0.005184,0.991148,0.003668
0.014248,0.003639,0.982113
0.035351,0.956836,0.007813
0.004569,0.001903,0.993528
0.008810,0.020874,0.970316
0.911018,0.084241,0.004741
0.001664,0.996197,0.002139
0.939794,0.013091,0.047115
0.018880,0.978693,0.002428
0.171655,0.818442,0.009903
0.006632,0.003098,0.990270
0.408144,0.584425,0.007431
0.000925,0.000995,0.998080
0.005062,0.990034,0.004904
0.155880,0.781721,0.062399
0.008785,0.004846,0.986369
0.004675,0.004414,0.990912
0.075290,0.221514,0.703196
0.997159,0.000638,0.002204
0.992904,0.005528,0.001568
0.007010,0.013277,0.979714
0.085391,0.884523,0.030085
0.177701,0.767036,0.055263
0.662000,0.262951,0.075049
0.008773,0.987026,0.004200
0.003965,0.989900,0.006135
0.948425,0.002314,0.049260
0.977318,0.002864,0.019818
0.815514,0.073237,0.111249
0.006282,0.005778,0.987940
0.232897,0.758835,0.008268
0.011786,0.979549,0.008666
0.032667,0.959352,0.007981
0.003821,0.001941,0.994237
0.038230,0.954731,0.007039
0.972704,0.001463,0.025833
0.470145,0.378929,0.150926
0.001691,0.003003,0.995306
0.002540,0.003224,0.994236
0.003242,0.001303,0.995454
0.003711,0.002000,0.994289
0.754424,0.054796,0.190779
0.008208,0.988354,0.003438
0.858801,0.032851,0.108349
0.063015,0.927934,0.009051
0.483670,0.510275,0.006054
0.228564,0.739569,0.031868
0.028478,0.952863,0.018659
0.164389,0.829342,0.006270
0.005452,0.002250,0.992298
0.005732,0.002441,0.991827
0.025119,0.006752,0.968129
0.089628,0.895567,0.014805
0.970692,0.003646,0.025662
0.995401,0.004043,0.000556
0.002773,0.002804,0.994423
0.125346,0.869790,0.004864
0.996311,0.003060,0.000629
0.971165,0.026341,0.002494
0.985125,0.001534,0.013342
0.014973,0.005127,0.979899
0.002072,0.993202,0.004727
0.210038,0.649736,0.140226
0.008195,0.987461,0.004343
0.211483,0.027570,0.760947
0.022975,0.975166,0.001859
0.427033,0.561098,0.011869
0.995897,0.000913,0.003189
0.011226,0.002606,0.986168
0.001705,0.001978,0.996317
0.009067,0.981308,0.009625
0.039917,0.042808,0.917275
0.005524,0.001622,0.992854
0.985223,0.009681,0.005096
0.067398,0.929910,0.002693
0.553551,0.009642,0.436807
0.014710,0.898495,0.086795
0.989482,0.009861,0.000657
0.863426,0.017518,0.119057
0.057508,0.929544,0.012949
0.983178,0.001965,0.014857
0.069526,0.919990,0.010484
0.003065,0.002963,0.993973
0.002393,0.001781,0.995826
0.008923,0.002305,0.988771
0.021032,0.969541,0.009427
0.002335,0.000951,0.996714
0.853667,0.022790,0.123543
0.996584,0.001567,0.001849
0.958655,0.036308,0.005038
0.005281,0.988175,0.006544
0.003381,0.006389,0.990230
0.978268,0.019663,0.002069
0.001219,0.000874,0.997907
0.056374,0.930008,0.013618
0.025295,0.028478,0.946227
0.001754,0.001063,0.997184
0.084279,0.900208,0.015513
0.103850,0.503573,0.392577
0.877459,0.013652,0.108889
0.004092,0.989969,0.005939
0.581101,0.051986,0.366914
0.998468,0.000847,0.000685
0.062116,0.300750,0.637134
0.001166,0.000828,0.998006
0.070892,0.011091,0.918017
0.064457,0.041848,0.893694
0.006254,0.983331,0.010415
0.984238,0.013085,0.002678
0.572251,0.066734,0.361015
0.003023,0.989895,0.007082
0.004704,0.989006,0.006290
0.042903,0.003518,0.953579
0.911447,0.077060,0.011494
0.000749,0.001364,0.997887
0.994262,0.002837,0.002901
0.106222,0.287335,0.606443
0.007664,0.988279,0.004056
0.758779,0.142869,0.098351
0.009693,0.983184,0.007123
0.133548,0.861301,0.005151
0.969050,0.020445,0.010505
0.003395,0.007842,0.988763
0.873159,0.110094,0.016747
0.007076,0.986684,0.006240
0.996083,0.000595,0.003322
0.997860,0.001214,0.000926
0.850764,0.127280,0.021956
0.007263,0.006581,0.986156
0.410660,0.090257,0.499082
0.998470,0.000780,0.000750
0.003728,0.077822,0.918450
0.207472,0.202762,0.589766
0.040228,0.002413,0.957359
0.026654,0.024251,0.949095
0.001072,0.000702,0.998226
0.009655,0.006760,0.983586
0.043042,0.947067,0.009890
0.851343,0.059536,0.089121
0.010107,0.979444,0.010449
0.406426,0.005187,0.588386
0.998222,0.000977,0.000801
0.043030,0.007730,0.949240
0.007278,0.006743,0.985980
0.004033,0.987267,0.008700
0.005477,0.002521,0.992002
0.054052,0.942292,0.003656
0.002891,0.000845,0.996264
0.012886,0.980952,0.006161
0.001559,0.000808,0.997633
0.001701,0.001131,0.997168
0.705968,0.286648,0.007384
0.002670,0.003246,0.994083
0.019171,0.179296,0.801533
0.996545,0.000358,0.003097
0.969107,0.002330,0.028563
0.005632,0.002722,0.991647
0.020516,0.018612,0.960872
0.009537,0.968840,0.021623
0.043799,0.945170,0.011030
0.003416,0.002519,0.994065
0.007256,0.969060,0.023684
0.002462,0.003736,0.993802
0.001989,0.993314,0.004697
0.995936,0.000730,0.003334
0.005998,0.004769,0.989234
0.974735,0.001504,0.023761
0.002992,0.006303,0.990705
0.043415,0.904323,0.052261
0.980352,0.001474,0.018174
0.005779,0.985132,0.009089
0.087847,0.908431,0.003722
0.002055,0.001433,0.996512
0.159298,0.831038,0.009664
0.958756,0.027059,0.014184
0.989549,0.002992,0.007459
0.002597,0.993090,0.004314
0.974948,0.023926,0.001127
0.979239,0.001741,0.019020
0.527784,0.016838,0.455378
0.002053,0.995734,0.002213
0.003056,0.003305,0.993639
0.981306,0.017437,0.001257
0.986857,0.011376,0.001767
0.054872,0.002508,0.942620
0.738782,0.094583,0.166635
0.019873,0.939994,0.040133
0.994633,0.002344,0.003023
0.842133,0.100942,0.056925
0.005182,0.007176,0.987642
0.488140,0.029283,0.482577
0.995067,0.000854,0.004080
0.962980,0.016274,0.020746
0.987867,0.011090,0.001043
0.995070,0.004082,0.000849
0.442818,0.215251,0.341931
0.576535,0.284293,0.139172
0.015612,0.002612,0.981776
0.001259,0.000882,0.997859
0.007119,0.002329,0.990552
0.002709,0.993724,0.003568
0.945664,0.003005,0.051331
0.005965,0.009345,0.984690
0.008323,0.974249,0.017429
0.002616,0.002252,0.995133
0.024490,0.836354,0.139156
0.004457,0.002326,0.993217
0.303959,0.026239,0.669802
0.851330,0.121148,0.027522
0.127254,0.867006,0.005740
0.995891,0.001078,0.003031
0.003821,0.990485,0.005693
0.993002,0.003410,0.003589
0.008828,0.984463,0.006709
0.943601,0.041112,0.015287
0.037946,0.958212,0.003842
0.006266,0.000995,0.992739
0.700588,0.294794,0.004618
0.533831,0.446829,0.019340
0.883010,0.099110,0.017880
0.750685,0.130117,0.119197
0.057041,0.828644,0.114315
0.997160,0.000348,0.002492
0.004244,0.991647,0.004108
0.960113,0.034697,0.005190
0.658741,0.334563,0.006697
0.010870,0.981323,0.007807
0.842580,0.024247,0.133173
0.996590,0.001014,0.002396
0.020862,0.973512,0.005627
0.936366,0.018264,0.045370
0.990536,0.001684,0.007779
0.882579,0.108540,0.008881
0.001072,0.002292,0.996636
0.002952,0.992151,0.004897
0.962074,0.036510,0.001416
0.134842,0.026082,0.839076
0.055903,0.303423,0.640674
0.001478,0.000747,0.997775
0.001115,0.001293,0.997592
0.885717,0.040652,0.073631
0.996479,0.001898,0.001624
0.024685,0.237080,0.738235
0.005272,0.014009,0.980719
0.005037,0.003023,0.991940
0.005044,0.987218,0.007738
0.004095,0.990474,0.005431
0.003483,0.005918,0.990598
0.998570,0.000851,0.000580
0.938811,0.008620,0.052570
0.185979,0.056462,0.757559
0.011157,0.001665,0.987178
0.030187,0.058742,0.911071
0.017354,0.980202,0.002445
0.006970,0.002391,0.990640
0.998755,0.000864,0.000381
0.005297,0.988149,0.006554
0.077260,0.839080,0.083660
0.002754,0.992315,0.004931
0.337405,0.532735,0.129860
0.974033,0.024468,0.001499
0.010640,0.983704,0.005656
0.918727,0.051217,0.030056
0.943578,0.027008,0.029413
0.014323,0.911793,0.073885
0.717407,0.273231,0.009362
0.005609,0.002300,0.992091
0.007588,0.983455,0.008957
0.005398,0.005454,0.989148
0.992163,0.006973,0.000864
0.882901,0.104728,0.012371
0.030951,0.962818,0.006231
0.019534,0.009687,0.970779
0.997172,0.000721,0.002107
0.004593,0.001905,0.993502
0.075568,0.893560,0.030873
0.996457,0.001311,0.002232
0.007290,0.001520,0.991190
0.479840,0.514557,0.005603
0.021492,0.837427,0.141080
0.004334,0.001471,0.994195
0.439521,0.540526,0.019953
0.002218,0.993561,0.004221
0.726145,0.201300,0.072555
0.995033,0.004232,0.000735
0.642669,0.338353,0.018978
0.990676,0.008851,0.000472
0.019646,0.143916,0.836438
0.005673,0.987030,0.007298
0.947896,0.003374,0.048729
0.034893,0.899192,0.065915
0.039541,0.059646,0.900812
0.110076,0.238442,0.651482
0.006958,0.001883,0.991159
0.003022,0.012739,0.984239
0.998499,0.000760,0.000741
0.007004,0.940520,0.052475
0.001341,0.002604,0.996055
0.009336,0.002698,0.987966
0.111204,0.008401,0.880396
0.977735,0.003943,0.018323
0.978512,0.020043,0.001445
0.011331,0.007649,0.981021
0.607774,0.243493,0.148733
0.007245,0.002296,0.990459
0.956237,0.039466,0.004297
0.995645,0.000816,0.003540
0.994452,0.001509,0.004038
0.011772,0.979089,0.009139
0.001234,0.990033,0.008732
0.025233,0.972296,0.002471
0.006583,0.986323,0.007094
0.976268,0.011668,0.012064
0.063011,0.888167,0.048823
0.000880,0.000619,0.998501
0.005218,0.005056,0.989726
0.878978,0.024416,0.096606
0.996560,0.001497,0.001944
0.127070,0.047082,0.825849
0.004072,0.988782,0.007146
0.998381,0.000772,0.000847
0.946080,0.010301,0.043619
0.992288,0.003555,0.004156
0.973743,0.009277,0.016980
0.942906,0.026482,0.030612
0.995542,0.001566,0.002892
0.932485,0.059610,0.007905
0.997153,0.001032,0.001815
0.411154,0.222686,0.366160
0.008735,0.006773,0.984493
0.002693,0.994448,0.002859
0.342183,0.019083,0.638734
0.888027,0.095023,0.016950
0.924388,0.044172,0.031440
0.001870,0.985143,0.012987
0.988208,0.010438,0.001354
0.004666,0.985529,0.009805
0.995551,0.000772,0.003676
0.144555,0.370385,0.485060
0.904588,0.016511,0.078901
0.053498,0.165452,0.781049
0.995547,0.002267,0.002185
0.992061,0.000971,0.006968
0.026070,0.876680,0.097250
0.993918,0.004820,0.001261
0.994191,0.004408,0.001401
0.019360,0.978299,0.002341
0.012772,0.005160,0.982068
0.216470,0.557625,0.225905
0.933592,0.059496,0.006912
0.041381,0.927258,0.031360
0.025875,0.008892,0.965233
0.001191,0.001009,0.997800
0.012696,0.972702,0.014602
0.049183,0.946139,0.004678
0.002479,0.023764,0.973757
0.005998,0.001887,0.992114
0.011642,0.019689,0.968669
0.995887,0.000890,0.003223
0.313145,0.677110,0.009745
0.996560,0.002817,0.000623
0.315612,0.647873,0.036515
0.062446,0.047574,0.889980
0.005615,0.002871,0.991514
0.001940,0.989873,0.008187
0.996990,0.002021,0.000989
0.113291,0.028496,0.858213
0.008727,0.003952,0.987322
0.913498,0.042143,0.044360
0.056006,0.923918,0.020076
0.014328,0.002973,0.982699
0.063639,0.013638,0.922723
0.455258,0.508673,0.036069
0.336374,0.638336,0.025290
0.003350,0.002813,0.993837
0.998806,0.000710,0.000484
0.002505,0.001139,0.996356
0.254997,0.707562,0.037440
0.560050,0.011995,0.427954
0.986275,0.001678,0.012047
0.546694,0.052568,0.400738
0.001016,0.001478,0.997506
0.001505,0.003906,0.994589
0.226113,0.622932,0.150955
0.817409,0.173631,0.008960
0.007058,0.002446,0.990496
0.993358,0.004730,0.001912
0.325757,0.242811,0.431431
0.036836,0.957964,0.005200
0.400632,0.013424,0.585944
0.002698,0.991334,0.005968
0.012374,0.035997,0.951629
0.921464,0.034101,0.044435
0.977824,0.015269,0.006907
0.021673,0.973615,0.004712
0.050486,0.019484,0.930030
0.669154,0.055640,0.275206
0.985740,0.004283,0.009977
0.052655,0.006598,0.940747
0.001938,0.003085,0.994977
0.003320,0.994335,0.002345
0.551658,0.441100,0.007242
0.348876,0.449854,0.201270
0.998155,0.000867,0.000978
0.994455,0.003509,0.002036
0.072497,0.615373,0.312131
0.870181,0.038451,0.091369
0.198004,0.796375,0.005620
0.989034,0.003760,0.007206
0.998216,0.001036,0.000748
0.004743,0.983812,0.011445
0.203711,0.104892,0.691398
0.008892,0.002484,0.988624
0.014515,0.003623,0.981863
0.005693,0.019257,0.975049
0.003999,0.991838,0.004163
0.701295,0.271105,0.027600
0.991508,0.007367,0.001125
0.941980,0.046948,0.011071
0.629638,0.285456,0.084906
0.294843,0.011894,0.693263
0.995539,0.000865,0.003596
0.004523,0.986098,0.009380
0.051099,0.011091,0.937811
0.799818,0.133229,0.066954
0.926928,0.018779,0.054293
0.006719,0.978031,0.015250
0.005011,0.001664,0.993325
0.875722,0.067275,0.057002
0.995672,0.000642,0.003687
0.008444,0.985009,0.006548
0.000649,0.001568,0.997783
0.709497,0.274725,0.015778
0.001258,0.992556,0.006187
0.007796,0.988136,0.004068
0.766920,0.124791,0.108289
0.988742,0.000952,0.010306
0.852001,0.033779,0.114220
0.005581,0.001807,0.992613
0.002175,0.001763,0.996062
0.000809,0.002272,0.996919
0.083205,0.013454,0.903341
0.854064,0.029846,0.116089
0.996606,0.000873,0.002522
0.005222,0.002960,0.991817
0.009371,0.411669,0.578960
0.996076,0.001548,0.002376
0.981983,0.000836,0.017181
0.997426,0.001209,0.001364
0.771899,0.046026,0.182075
0.759443,0.019335,0.221221
0.274873,0.699983,0.025144
0.001229,0.000743,0.998029
0.016867,0.005179,0.977954
0.004076,0.002275,0.993649
0.979962,0.009587,0.010451
0.012233,0.959983,0.027784
0.665582,0.287649,0.046769
0.012436,0.003801,0.983763
0.006048,0.004137,0.989816
0.012945,0.002094,0.984962
0.003180,0.005779,0.991042
0.034511,0.961188,0.004301
0.893057,0.016086,0.090857
0.002358,0.003042,0.994600
0.034682,0.948774,0.016544
0.003669,0.002060,0.994272
0.109829,0.285189,0.604982
0.000841,0.001112,0.998047
0.975954,0.022246,0.001800
0.950120,0.010378,0.039502
0.591736,0.017360,0.390905
0.995605,0.001348,0.003047
0.037231,0.012533,0.950236
0.010144,0.980444,0.009412
0.068551,0.009633,0.921816
0.465850,0.042278,0.491872
0.003445,0.990434,0.006122
0.998389,0.001195,0.000416
0.714597,0.278363,0.007041
0.001871,0.003088,0.995041
0.001846,0.993934,0.004220
0.744195,0.132404,0.123401
0.991895,0.000780,0.007325
0.009460,0.005539,0.985001
0.004599,0.002210,0.993191
0.033030,0.013830,0.953140
0.115491,0.081555,0.802954
0.021307,0.207384,0.771309
0.061714,0.934977,0.003309
0.003477,0.001268,0.995255
0.103340,0.006560,0.890100
0.796570,0.189964,0.013466
0.828647,0.019397,0.151956
0.015509,0.979482,0.005009
0.253788,0.043014,0.703197
0.031429,0.961763,0.006808
0.003409,0.993088,0.003502
0.012476,0.003042,0.984482
0.042744,0.088280,0.868976
0.005071,0.989115,0.005814
0.123749,0.013151,0.863100
0.995007,0.001213,0.003779
0.995365,0.003442,0.001193
0.978785,0.015879,0.005335
0.980170,0.012162,0.007667
0.033572,0.015104,0.951325
0.002736,0.990915,0.006349
0.008535,0.941453,0.050011
0.026447,0.967043,0.006510
0.995898,0.000511,0.003591
0.994449,0.001029,0.004522
0.985304,0.002196,0.012500
0.107393,0.888755,0.003851
0.096974,0.897115,0.005911
0.005655,0.989891,0.004454
0.996409,0.002967,0.000623
0.016209,0.217583,0.766207
0.003330,0.011675,0.984995
0.039490,0.958717,0.001794
0.007156,0.982045,0.010799
0.018084,0.006146,0.975770
0.430705,0.506058,0.063237
0.233733,0.061188,0.705079
0.002312,0.992059,0.005629
0.001817,0.994712,0.003471
0.008203,0.984574,0.007224
0.003013,0.001389,0.995598
0.997809,0.000879,0.001312
0.001669,0.994208,0.004124
0.993454,0.003217,0.003329
0.004802,0.005791,0.989407
