0.900259,0.023528,0.076213
0.001204,0.996097,0.002699
0.496438,0.221841,0.281721
0.440079,0.541311,0.018610
0.580367,0.411692,0.007941
0.264074,0.009386,0.726540
0.001504,0.997133,0.001364
0.738800,0.237514,0.023686
0.705002,0.039426,0.255573
0.416424,0.052222,0.531355
0.960198,0.003495,0.036307
0.999599,0.000178,0.000223
0.027264,0.972521,0.000215
0.696277,0.302376,0.001347
0.979284,0.019013,0.001702
0.025446,0.018999,0.955556
0.008826,0.990255,0.000918
0.007054,0.034316,0.958630
0.008347,0.099404,0.892249
0.818980,0.108714,0.072307
0.006935,0.306298,0.686768
0.002514,0.010609,0.986877
0.977736,0.017332,0.004932
0.019231,0.022610,0.958160
0.083040,0.200900,0.716061
0.005333,0.991207,0.003460
0.898915,0.057958,0.043127
0.002995,0.995564,0.001441
0.019485,0.975866,0.004649
0.564303,0.382863,0.052834
0.017665,0.895338,0.086997
0.148518,0.843581,0.007901
0.900916,0.035412,0.063671
0.835002,0.163558,0.001440
0.000763,0.017659,0.981578
0.064697,0.008960,0.926343
0.020223,0.011115,0.968662
0.051520,0.863839,0.084641
0.323709,0.637807,0.038484
0.069880,0.059934,0.870186
0.156412,0.038582,0.805006
0.019584,0.134829,0.845587
0.001167,0.998554,0.000279
0.242069,0.249420,0.508511
0.244976,0.052105,0.702919
0.999997,0.000002,0.000001
0.308723,0.610520,0.080757
0.511519,0.412373,0.076108
0.377788,0.620174,0.002039
0.022493,0.029779,0.947727
0.921574,0.075204,0.003222
0.931264,0.019165,0.049571
0.079382,0.046252,0.874366
0.001967,0.990582,0.007451
0.998389,0.001169,0.000441
0.040065,0.005744,0.954191
0.029927,0.018667,0.951406
0.233301,0.691617,0.075082
0.595472,0.374395,0.030133
0.022037,0.759570,0.218393
0.932549,0.065721,0.001730
0.169749,0.824545,0.005706
0.001026,0.007403,0.991571
0.874841,0.100533,0.024626
0.001682,0.080463,0.917854
0.013747,0.096013,0.890241
0.010513,0.989148,0.000339
0.052958,0.044355,0.902687
0.353701,0.542167,0.104132
0.032283,0.957067,0.010650
0.024233,0.971263,0.004504
0.018881,0.973297,0.007822
0.872295,0.029794,0.097911
0.929619,0.062730,0.007652
0.053619,0.626643,0.319738
0.000502,0.213456,0.786042
0.009515,0.007910,0.982575
0.061773,0.011663,0.926565
0.018466,0.973637,0.007897
0.967907,0.008902,0.023190
0.992062,0.005923,0.002015
0.862545,0.005930,0.131525
0.005111,0.004089,0.990800
0.469130,0.031626,0.499244
0.006012,0.990527,0.003461
0.029048,0.069721,0.901232
0.776519,0.194238,0.029244
0.123874,0.816593,0.059533
0.886348,0.013233,0.100418
0.004741,0.994827,0.000432
0.031489,0.003198,0.965313
0.274281,0.107123,0.618596
0.663390,0.214464,0.122145
0.908378,0.091261,0.000361
0.999999,0.000000,0.000000
0.023371,0.028935,0.947694
0.060575,0.826900,0.112526
0.082632,0.917169,0.000200
0.609856,0.315148,0.074996
0.036114,0.956548,0.007338
0.010842,0.020142,0.969016
0.000241,0.011754,0.988005
0.068614,0.925600,0.005786
0.003525,0.983768,0.012707
0.018011,0.980898,0.001091
0.003209,0.782814,0.213977
0.030337,0.104600,0.865063
0.961208,0.003640,0.035152
0.195795,0.803705,0.000501
0.002682,0.047234,0.950084
0.849269,0.135668,0.015064
0.088666,0.041257,0.870077
0.648998,0.308422,0.042580
0.838332,0.003125,0.158543
0.000528,0.040811,0.958661
0.495194,0.432930,0.071876
0.114857,0.009546,0.875596
0.800993,0.192208,0.006800
0.224255,0.017530,0.758216
0.510085,0.482587,0.007328
0.009630,0.003904,0.986466
0.015796,0.014915,0.969289
0.058509,0.022935,0.918556
0.017915,0.015541,0.966544
0.416376,0.213637,0.369987
0.003684,0.990034,0.006283
0.042460,0.957311,0.000230
0.033963,0.010597,0.955439
0.870458,0.034652,0.094890
0.010899,0.167456,0.821645
0.754038,0.196027,0.049935
0.094570,0.028382,0.877047
0.000785,0.998281,0.000934
0.189459,0.463416,0.347126
0.071021,0.021767,0.907212
0.881711,0.006560,0.111729
0.199160,0.004987,0.795853
0.146094,0.046789,0.807117
0.501099,0.253757,0.245144
0.950803,0.018312,0.030885
0.894118,0.069593,0.036289
0.034638,0.940667,0.024695
0.045309,0.016148,0.938542
0.033395,0.845827,0.120778
0.110299,0.130547,0.759154
0.656207,0.002600,0.341194
0.150890,0.006251,0.842859
0.544471,0.328470,0.127059
0.981040,0.018737,0.000223
0.018407,0.976498,0.005095
0.712428,0.286624,0.000948
0.001430,0.995959,0.002612
0.395543,0.506819,0.097638
0.933468,0.025486,0.041046
0.005098,0.843521,0.151381
0.328313,0.225492,0.446194
0.004426,0.981782,0.013792
0.965276,0.031854,0.002870
0.042607,0.950353,0.007040
0.416624,0.549741,0.033636
0.002155,0.979409,0.018436
0.009103,0.980489,0.010408
0.951006,0.007831,0.041163
0.260667,0.011610,0.727723
0.004920,0.991643,0.003437
0.000016,0.026065,0.973919
0.633220,0.212375,0.154405
0.734421,0.214601,0.050978
0.059388,0.009508,0.931104
0.187023,0.808258,0.004719
0.021280,0.978257,0.000463
0.974676,0.003640,0.021683
0.298431,0.633461,0.068108
0.002097,0.993987,0.003916
0.949794,0.017635,0.032571
0.130549,0.006402,0.863048
0.000530,0.849870,0.149599
0.045296,0.951963,0.002742
0.005439,0.994543,0.000017
0.109098,0.890276,0.000626
0.010935,0.002810,0.986254
0.642388,0.355247,0.002365
0.028482,0.963109,0.008409
0.999374,0.000091,0.000535
0.609368,0.322169,0.068463
0.939059,0.002196,0.058745
0.009600,0.034612,0.955787
0.534588,0.217359,0.248053
0.011253,0.105557,0.883190
0.997260,0.002489,0.000251
0.705763,0.220987,0.073251
0.704268,0.231971,0.063761
0.967234,0.030566,0.002200
0.412840,0.031658,0.555501
0.656278,0.250140,0.093582
0.009233,0.107460,0.883307
0.989062,0.001389,0.009549
0.708558,0.008798,0.282644
0.001711,0.969120,0.029169
0.011958,0.037271,0.950771
0.999999,0.000000,0.000001
0.002972,0.984611,0.012418
0.051830,0.927023,0.021147
0.237389,0.007448,0.755163
0.662861,0.314175,0.022964
0.192459,0.004755,0.802786
0.674604,0.070588,0.254808
0.000047,0.949019,0.050934
0.001260,0.076335,0.922405
0.005274,0.993796,0.000930
0.000277,0.998747,0.000976
0.092332,0.751189,0.156479
0.028300,0.040995,0.930704
0.083406,0.044666,0.871928
0.012828,0.005779,0.981394
0.732427,0.010332,0.257241
0.008135,0.968971,0.022894
0.001210,0.893010,0.105781
0.024927,0.973299,0.001774
0.000820,0.752097,0.247083
0.002379,0.154670,0.842951
0.960184,0.009107,0.030709
0.486620,0.508074,0.005306
0.938309,0.018351,0.043340
0.999984,0.000001,0.000015
0.028709,0.009576,0.961715
0.830950,0.014811,0.154240
0.053373,0.934345,0.012282
0.955652,0.004682,0.039666
0.004433,0.919302,0.076265
0.099950,0.895856,0.004194
0.016759,0.004384,0.978858
0.169619,0.606235,0.224146
0.659884,0.325124,0.014992
0.776990,0.219309,0.003701
0.814079,0.008599,0.177322
0.000852,0.955460,0.043688
0.971956,0.025713,0.002331
0.000000,0.815315,0.184685
0.218054,0.022933,0.759013
0.788839,0.027102,0.184059
0.029314,0.024154,0.946532
0.890051,0.046817,0.063131
0.030830,0.903428,0.065742
0.000130,0.646407,0.353463
0.009910,0.282409,0.707681
0.917398,0.052882,0.029721
0.168656,0.801021,0.030323
0.162077,0.834571,0.003352
0.889342,0.042904,0.067754
0.730291,0.001468,0.268242
0.302340,0.051846,0.645814
0.368056,0.035541,0.596403
0.043080,0.945912,0.011008
0.000976,0.996538,0.002486
0.002698,0.010524,0.986778
0.226542,0.269576,0.503882
0.949383,0.043216,0.007400
0.923040,0.027308,0.049652
0.968306,0.007418,0.024276
0.703682,0.296317,0.000001
0.819790,0.177628,0.002583
0.000862,0.204052,0.795086
0.001149,0.998850,0.000001
0.007841,0.016385,0.975774
0.379011,0.011420,0.609569
0.000243,0.003838,0.995919
0.001331,0.829141,0.169528
0.006823,0.019780,0.973397
0.311128,0.688808,0.000064
0.006612,0.002738,0.990650
0.999859,0.000078,0.000063
0.277732,0.682845,0.039423
0.013786,0.985459,0.000755
0.224844,0.772193,0.002963
0.015576,0.982331,0.002093
0.280205,0.719756,0.000039
0.021427,0.972600,0.005973
0.687548,0.238585,0.073867
0.019569,0.980202,0.000228
0.999916,0.000051,0.000033
0.000457,0.949392,0.050152
0.999057,0.000112,0.000831
0.070457,0.002046,0.927497
0.916624,0.071196,0.012180
0.049171,0.938206,0.012623
0.932260,0.000336,0.067405
0.354655,0.003165,0.642180
0.005058,0.001937,0.993005
0.003082,0.981197,0.015721
0.010158,0.014573,0.975269
0.003031,0.969328,0.027641
0.005935,0.848644,0.145421
0.651774,0.003449,0.344777
0.001507,0.878862,0.119632
0.001830,0.002733,0.995437
0.033175,0.770555,0.196269
0.012055,0.972549,0.015396
0.038850,0.029431,0.931719
0.499208,0.500472,0.000320
0.125229,0.139915,0.734856
1.000000,0.000000,0.000000
0.634296,0.049009,0.316696
0.007849,0.991218,0.000934
0.004527,0.178421,0.817053
0.631133,0.044064,0.324802
0.944667,0.001593,0.053741
0.608055,0.057385,0.334560
1.000000,0.000000,0.000000
0.015864,0.487882,0.496254
0.081812,0.168556,0.749633
0.019364,0.974997,0.005639
0.129115,0.001392,0.869494
0.001319,0.017130,0.981551
0.085317,0.913463,0.001220
0.727325,0.134029,0.138646
0.086474,0.903375,0.010151
0.002310,0.955421,0.042269
0.979722,0.002246,0.018032
0.994911,0.002493,0.002597
0.487288,0.512356,0.000356
0.842745,0.001022,0.156233
0.047741,0.952154,0.000105
0.320834,0.674284,0.004882
0.805131,0.006809,0.188060
0.942380,0.048276,0.009344
0.538795,0.039609,0.421596
0.220686,0.444706,0.334608
0.042435,0.081079,0.876486
0.000973,0.001839,0.997188
0.772011,0.172120,0.055869
0.003895,0.995802,0.000302
0.003977,0.989975,0.006048
0.719343,0.033197,0.247460
0.001281,0.005585,0.993134
0.056793,0.783545,0.159663
0.005320,0.010100,0.984581
0.004505,0.145967,0.849528
0.906424,0.006835,0.086741
0.007961,0.989276,0.002762
0.029304,0.017977,0.952719
0.000162,0.007630,0.992208
0.011054,0.983999,0.004947
0.638740,0.079259,0.282001
0.004293,0.985571,0.010136
0.029599,0.960458,0.009943
0.002423,0.823047,0.174530
0.511659,0.486409,0.001932
0.210923,0.094871,0.694207
0.010437,0.984274,0.005289
0.720564,0.272387,0.007049
1.000000,0.000000,0.000000
0.088681,0.004587,0.906732
0.007082,0.106467,0.886451
0.002120,0.045281,0.952599
0.005097,0.002971,0.991932
0.000078,0.422375,0.577546
0.003400,0.990812,0.005788
0.293450,0.010839,0.695711
0.050020,0.922583,0.027397
0.036083,0.016166,0.947751
0.012769,0.003829,0.983402
0.044018,0.009334,0.946648
0.929112,0.000710,0.070179
0.957565,0.000949,0.041485
0.007674,0.980874,0.011452
0.310330,0.531797,0.157873
0.251926,0.747383,0.000691
0.004666,0.014433,0.980900
0.746963,0.246061,0.006976
0.889080,0.004999,0.105921
0.007346,0.991305,0.001348
0.346162,0.242453,0.411385
0.002635,0.032419,0.964946
0.008799,0.007226,0.983975
0.004249,0.083063,0.912689
0.019434,0.796032,0.184534
0.840784,0.016025,0.143191
0.950442,0.003765,0.045793
0.671218,0.006290,0.322492
0.031617,0.037848,0.930535
0.027716,0.002139,0.970145
0.983579,0.002491,0.013930
0.000044,0.034190,0.965766
0.071479,0.272581,0.655940
0.760835,0.217427,0.021738
0.994913,0.000389,0.004698
0.889344,0.030059,0.080597
0.744975,0.250205,0.004820
0.949729,0.022824,0.027447
0.146081,0.039704,0.814216
0.012905,0.980998,0.006096
0.890806,0.028306,0.080887
0.959560,0.003435,0.037005
0.999986,0.000006,0.000008
0.245974,0.024855,0.729171
0.480894,0.509082,0.010024
0.004519,0.989922,0.005560
0.017373,0.980623,0.002004
0.041761,0.022182,0.936057
0.662378,0.009006,0.328616
0.068300,0.007588,0.924111
0.010442,0.162250,0.827308
0.006586,0.951220,0.042194
0.022347,0.977467,0.000186
0.017484,0.940480,0.042036
0.114585,0.844427,0.040988
0.002207,0.447121,0.550672
0.084868,0.912167,0.002965
0.191027,0.808341,0.000633
0.088993,0.910445,0.000562
0.006614,0.062765,0.930621
0.546394,0.251796,0.201810
0.002428,0.996230,0.001343
0.005261,0.005759,0.988981
0.071391,0.025827,0.902782
0.000947,0.984457,0.014596
0.430979,0.019672,0.549349
0.612199,0.004975,0.382826
0.257717,0.741754,0.000529
0.798566,0.026007,0.175428
0.066706,0.044353,0.888941
0.032395,0.965242,0.002363
0.000657,0.999340,0.000002
0.027075,0.902093,0.070832
0.001495,0.053718,0.944786
0.034787,0.119304,0.845909
0.482300,0.007153,0.510547
0.049671,0.950198,0.000131
0.004758,0.972206,0.023036
0.756048,0.208337,0.035614
0.094256,0.054627,0.851117
0.890739,0.007575,0.101687
0.159364,0.022401,0.818235
0.969018,0.009889,0.021093
0.523419,0.476305,0.000276
0.041453,0.017773,0.940774
0.111728,0.645009,0.243263
0.000019,0.938699,0.061282
0.999788,0.000004,0.000207
0.415774,0.090676,0.493550
0.338702,0.001739,0.659559
0.028879,0.857905,0.113216
0.002555,0.539936,0.457509
0.797165,0.134012,0.068824
0.499994,0.195515,0.304491
0.880361,0.003366,0.116273
0.002165,0.997542,0.000293
0.998901,0.000188,0.000912
0.429681,0.569808,0.000510
0.665103,0.227988,0.106908
0.004514,0.161249,0.834238
0.926127,0.053759,0.020114
0.649274,0.350170,0.000556
0.918731,0.059419,0.021850
0.006884,0.979419,0.013697
0.037195,0.844649,0.118156
0.005700,0.980147,0.014152
0.866194,0.050078,0.083728
0.211139,0.766848,0.022013
0.993429,0.000029,0.006542
0.832387,0.116508,0.051105
0.014672,0.027251,0.958076
0.024722,0.967651,0.007628
0.016419,0.015231,0.968350
0.041756,0.013824,0.944420
0.021332,0.005896,0.972772
0.149243,0.057503,0.793254
0.997871,0.000627,0.001502
0.824692,0.171801,0.003507
0.118697,0.880119,0.001184
0.023393,0.013494,0.963113
0.008776,0.143615,0.847609
0.042820,0.029643,0.927537
0.953407,0.046423,0.000170
0.999986,0.000000,0.000014
0.018755,0.941150,0.040095
0.267594,0.721765,0.010641
0.308937,0.055069,0.635994
0.012912,0.986650,0.000438
0.193470,0.038964,0.767566
0.010980,0.031089,0.957931
0.000719,0.883865,0.115416
0.074588,0.913923,0.011489
0.542773,0.003188,0.454038
0.001137,0.995499,0.003364
0.907053,0.061977,0.030970
0.000860,0.761920,0.237219
0.360908,0.628047,0.011045
0.040341,0.112296,0.847363
0.875811,0.049193,0.074996
0.868896,0.007030,0.124074
0.863372,0.024272,0.112356
0.002524,0.215240,0.782237
0.003387,0.994356,0.002257
0.001368,0.996682,0.001950
0.016002,0.983693,0.000305
0.935664,0.014156,0.050180
0.004939,0.031943,0.963118
0.985809,0.001825,0.012366
0.013015,0.984824,0.002161
0.046176,0.005507,0.948316
0.010610,0.033446,0.955944
0.000885,0.644399,0.354716
0.000885,0.998974,0.000141
0.000151,0.975770,0.024080
0.072732,0.019095,0.908173
0.155949,0.007439,0.836612
0.026836,0.005691,0.967473
0.999502,0.000327,0.000171
0.000359,0.880738,0.118903
0.002522,0.953554,0.043924
0.805520,0.149429,0.045051
0.041483,0.957109,0.001408
0.672466,0.006729,0.320806
0.026149,0.100686,0.873165
0.002528,0.014045,0.983427
0.964023,0.027855,0.008122
0.420028,0.570895,0.009077
0.756572,0.212466,0.030962
0.950995,0.015904,0.033101
0.006391,0.149827,0.843782
0.204449,0.736921,0.058629
0.941202,0.007884,0.050914
0.000960,0.490264,0.508776
0.636527,0.358154,0.005319
0.055469,0.941112,0.003419
0.100297,0.007088,0.892615
0.999711,0.000229,0.000060
0.003411,0.666845,0.329744
0.912641,0.004435,0.082924
0.870219,0.108045,0.021737
0.189509,0.801760,0.008731
0.333830,0.570138,0.096032
0.007164,0.007828,0.985008
0.797124,0.193172,0.009703
0.718538,0.179583,0.101879
0.259004,0.004090,0.736907
0.453814,0.475000,0.071185
0.049246,0.914074,0.036680
0.000284,0.022212,0.977504
0.466842,0.449189,0.083968
0.653343,0.335868,0.010789
0.001443,0.993216,0.005341
0.995922,0.000646,0.003432
0.138350,0.787957,0.073694
0.909961,0.046406,0.043633
0.944748,0.036154,0.019098
0.124668,0.872830,0.002501
0.557764,0.392036,0.050200
0.059008,0.935070,0.005923
0.053216,0.945136,0.001649
0.603159,0.104259,0.292582
0.000503,0.011443,0.988054
0.147894,0.009335,0.842771
0.012388,0.009679,0.977933
0.183401,0.320753,0.495847
0.065426,0.149418,0.785156
0.147835,0.851404,0.000761
0.004165,0.002281,0.993554
0.670360,0.241745,0.087896
0.345685,0.646258,0.008057
0.000397,0.762953,0.236650
0.000398,0.773722,0.225880
0.813228,0.184639,0.002133
0.092573,0.766489,0.140938
0.035817,0.963568,0.000614
0.048420,0.007010,0.944570
0.268903,0.555103,0.175994
0.844029,0.096211,0.059759
0.018957,0.980997,0.000045
0.841601,0.034349,0.124050
0.604225,0.019652,0.376123
0.968896,0.001881,0.029224
0.980575,0.019378,0.000047
0.040863,0.042994,0.916144
0.128598,0.074996,0.796406
0.007822,0.991731,0.000446
0.829334,0.045874,0.124792
0.964084,0.017768,0.018148
0.169176,0.004967,0.825858
0.918361,0.036241,0.045398
0.068697,0.931083,0.000220
0.010605,0.971498,0.017897
0.839925,0.069507,0.090568
0.987387,0.000506,0.012107
0.865966,0.003422,0.130612
0.843370,0.136788,0.019843
0.189108,0.020319,0.790573
0.994530,0.002697,0.002773
0.002474,0.076961,0.920565
0.999861,0.000008,0.000131
0.031776,0.948451,0.019773
0.129281,0.870686,0.000033
0.000406,0.137307,0.862287
0.003850,0.993153,0.002997
0.153579,0.842445,0.003976
0.148921,0.187371,0.663709
0.692677,0.011185,0.296138
0.985705,0.013520,0.000776
0.007655,0.067581,0.924765
0.014072,0.925578,0.060350
0.013364,0.005089,0.981546
0.988151,0.008179,0.003669
0.998457,0.001543,0.000000
0.007275,0.940244,0.052482
0.023562,0.358371,0.618067
0.299086,0.675263,0.025651
0.038006,0.016526,0.945468
0.691203,0.212765,0.096032
0.003220,0.001735,0.995045
0.319054,0.620080,0.060865
0.022555,0.008579,0.968866
0.025781,0.003670,0.970549
0.937624,0.006687,0.055689
0.024981,0.801607,0.173412
0.712820,0.116413,0.170767
0.000429,0.659455,0.340116
0.133043,0.098801,0.768156
0.070351,0.929461,0.000188
0.348070,0.651686,0.000244
0.000878,0.998446,0.000675
0.000039,0.759836,0.240125
0.950309,0.008946,0.040745
0.900496,0.047236,0.052268
0.012707,0.960948,0.026345
0.295830,0.700992,0.003178
0.003762,0.993751,0.002487
0.003404,0.153421,0.843175
0.884870,0.079593,0.035537
0.738338,0.195259,0.066403
0.172316,0.827541,0.000143
0.008346,0.939916,0.051738
0.874156,0.000862,0.124982
0.691449,0.299795,0.008756
0.002563,0.012751,0.984686
0.814673,0.166709,0.018618
0.656689,0.261180,0.082131
0.965109,0.034083,0.000808
0.242863,0.012588,0.744549
0.207331,0.062209,0.730460
0.999829,0.000004,0.000167
0.551275,0.385978,0.062747
0.981641,0.000332,0.018027
0.275317,0.721433,0.003250
0.061209,0.012060,0.926730
0.034618,0.948339,0.017043
0.006411,0.034844,0.958745
0.000073,0.097691,0.902236
0.317484,0.404063,0.278453
0.004830,0.943747,0.051423
0.059708,0.061926,0.878366
0.000944,0.998817,0.000239
0.713510,0.282394,0.004095
0.018282,0.037886,0.943832
0.013636,0.035530,0.950834
0.145345,0.853775,0.000880
0.852073,0.000426,0.147502
0.007858,0.987514,0.004629
0.134902,0.006145,0.858953
0.000845,0.398609,0.600546
0.006547,0.006457,0.986996
0.124620,0.867563,0.007817
0.004270,0.902826,0.092903
0.913806,0.003274,0.082921
0.533233,0.128759,0.338008
0.043039,0.956822,0.000139
0.034029,0.040754,0.925217
0.001979,0.996802,0.001219
0.000389,0.973070,0.026541
0.000687,0.111809,0.887504
1.000000,0.000000,0.000000
0.015597,0.978190,0.006213
0.602148,0.010422,0.387430
0.001424,0.096139,0.902438
1.000000,0.000000,0.000000
0.874650,0.002212,0.123138
0.000227,0.067602,0.932171
0.998215,0.001460,0.000325
0.134294,0.863917,0.001789
0.178268,0.744362,0.077371
0.517670,0.452682,0.029647
0.655534,0.341114,0.003352
0.423239,0.047722,0.529039
0.002813,0.011885,0.985302
0.159355,0.006095,0.834551
0.010275,0.024291,0.965434
0.342492,0.593620,0.063888
0.021702,0.174073,0.804225
0.724995,0.077350,0.197655
0.958267,0.001752,0.039980
0.091556,0.021855,0.886589
0.109832,0.014010,0.876158
0.999943,0.000056,0.000001
0.039083,0.015672,0.945245
0.453056,0.546427,0.000518
0.188692,0.026700,0.784609
0.071612,0.819940,0.108449
0.000983,0.156716,0.842301
0.285034,0.713100,0.001866
0.100631,0.067680,0.831689
0.001585,0.021347,0.977068
0.652913,0.211026,0.136061
0.890574,0.011039,0.098387
0.613626,0.352315,0.034059
0.015225,0.035626,0.949149
0.020332,0.979524,0.000145
0.335823,0.036588,0.627590
0.013353,0.984649,0.001998
0.085689,0.002897,0.911414
0.993615,0.000152,0.006232
0.783709,0.216226,0.000065
0.053831,0.012126,0.934043
0.200119,0.786612,0.013269
0.000106,0.012127,0.987767
0.008647,0.975964,0.015389
0.102035,0.035370,0.862595
0.982545,0.000518,0.016937
0.093806,0.738424,0.167769
0.006789,0.985621,0.007590
0.114452,0.880634,0.004914
0.003801,0.034720,0.961479
0.551707,0.272078,0.176215
0.509647,0.473822,0.016530
0.276920,0.686722,0.036358
0.002409,0.030745,0.966846
0.139455,0.856864,0.003680
0.250178,0.015365,0.734456
0.904587,0.004541,0.090873
0.111897,0.023356,0.864747
0.007570,0.991812,0.000618
0.001831,0.998062,0.000108
0.860518,0.039038,0.100444
0.047927,0.948273,0.003800
0.044397,0.204211,0.751393
0.002800,0.981604,0.015597
0.882734,0.073779,0.043488
0.396644,0.598053,0.005304
0.008577,0.020691,0.970732
0.002604,0.997316,0.000080
0.623959,0.138508,0.237533
0.009847,0.025088,0.965066
0.112454,0.226826,0.660720
0.009412,0.099796,0.890791
0.000184,0.999684,0.000132
0.137006,0.853574,0.009420
0.141580,0.858353,0.000068
0.022619,0.022989,0.954392
0.085081,0.003030,0.911889
0.027828,0.024173,0.948000
0.254765,0.737591,0.007644
0.498394,0.501605,0.000000
0.045751,0.905978,0.048271
0.050238,0.837072,0.112689
0.006067,0.021912,0.972021
0.001277,0.013552,0.985171
0.018630,0.967882,0.013488
0.606453,0.393031,0.000516
0.032901,0.948646,0.018453
0.765557,0.232663,0.001781
0.718858,0.272772,0.008369
0.611836,0.340448,0.047716
0.154507,0.003653,0.841840
0.907421,0.001922,0.090657
0.167999,0.826546,0.005455
0.009417,0.990240,0.000343
0.313842,0.174684,0.511474
0.006453,0.972107,0.021440
0.152802,0.840788,0.006411
0.981775,0.008204,0.010021
0.892525,0.014775,0.092700
0.731925,0.223974,0.044101
0.098005,0.007580,0.894415
0.118635,0.865625,0.015740
0.277996,0.721744,0.000261
0.881066,0.025555,0.093380
0.933525,0.050339,0.016135
0.451707,0.002575,0.545719
0.869897,0.113711,0.016392
0.485956,0.231785,0.282259
0.004394,0.895176,0.100430
0.176764,0.004602,0.818634
0.690824,0.112162,0.197014
0.061161,0.938336,0.000502
0.005547,0.988120,0.006333
0.343568,0.010001,0.646431
0.098199,0.901006,0.000795
0.008982,0.128295,0.862723
0.000762,0.991919,0.007319
0.120058,0.879925,0.000017
0.009785,0.980394,0.009821
0.000079,0.010922,0.988999
0.006555,0.014654,0.978792
0.221368,0.185056,0.593576
0.001210,0.002363,0.996426
0.067643,0.931232,0.001125
0.292044,0.010166,0.697790
0.815812,0.169852,0.014336
0.028146,0.003432,0.968422
0.357331,0.640795,0.001874
0.946815,0.006476,0.046709
0.005905,0.024034,0.970061
0.008697,0.074182,0.917121
0.893255,0.006111,0.100634
0.418762,0.267870,0.313369
0.002629,0.009420,0.987952
0.005122,0.835796,0.159083
0.006510,0.993426,0.000065
0.203517,0.534284,0.262199
0.051892,0.015967,0.932141
0.006692,0.988269,0.005039
0.996643,0.000437,0.002920
0.852093,0.009017,0.138890
0.992560,0.001748,0.005692
0.606488,0.327280,0.066232
0.001257,0.993117,0.005626
0.000813,0.258983,0.740205
0.267559,0.009547,0.722894
0.004725,0.995086,0.000189
0.989606,0.003413,0.006980
0.754540,0.228434,0.017026
0.726836,0.269544,0.003620
0.535894,0.230845,0.233261
0.782981,0.008977,0.208042
0.114018,0.293038,0.592944
0.275192,0.717719,0.007089
0.028876,0.966590,0.004535
0.042455,0.018787,0.938758
0.020736,0.103744,0.875521
0.326994,0.003893,0.669113
0.005587,0.983000,0.011413
0.191070,0.807772,0.001158
0.087388,0.012848,0.899764
0.179493,0.018419,0.802089
0.492422,0.457559,0.050019
0.244920,0.728113,0.026967
0.032710,0.006681,0.960609
0.059370,0.005307,0.935323
0.239521,0.018203,0.742276
0.985412,0.000007,0.014581
0.902397,0.017575,0.080028
0.000885,0.006586,0.992529
0.349113,0.596278,0.054608
0.995767,0.000183,0.004049
0.242857,0.030632,0.726511
0.012835,0.026333,0.960833
0.249211,0.687865,0.062924
0.001472,0.982383,0.016145
0.029185,0.950535,0.020280
0.283123,0.083116,0.633761
0.753729,0.026170,0.220102
0.232132,0.685360,0.082508
0.024148,0.310926,0.664927
0.009958,0.966782,0.023259
0.714139,0.004312,0.281550
0.369182,0.626928,0.003889
0.991191,0.002460,0.006349
0.119007,0.018879,0.862114
0.072663,0.926785,0.000552
0.135605,0.005570,0.858825
0.095227,0.016210,0.888563
0.029803,0.965415,0.004782
0.903899,0.096100,0.000001
0.004611,0.027388,0.968001
0.113133,0.886392,0.000475
0.877517,0.001422,0.121061
0.059915,0.020720,0.919365
0.005620,0.982785,0.011595
0.271312,0.704800,0.023887
0.024695,0.817560,0.157745
0.877818,0.110606,0.011576
0.949660,0.029145,0.021194
0.006917,0.991600,0.001482
0.009889,0.763295,0.226816
0.057711,0.936448,0.005841
0.028783,0.010911,0.960307
0.997826,0.000396,0.001777
0.000752,0.004045,0.995203
0.924824,0.069687,0.005490
0.037531,0.568340,0.394129
0.003404,0.989022,0.007574
0.988365,0.007161,0.004474
0.539475,0.460196,0.000330
0.009083,0.260902,0.730014
0.784542,0.054546,0.160911
0.400292,0.560988,0.038720
0.003663,0.014813,0.981525
0.996732,0.001615,0.001652
0.138207,0.859676,0.002117
0.045594,0.954063,0.000342
0.183680,0.000264,0.816055
0.857094,0.023488,0.119418
0.002363,0.787753,0.209884
0.073347,0.925989,0.000664
0.000621,0.009421,0.989958
0.999008,0.000112,0.000880
0.961690,0.002521,0.035789
0.020321,0.018963,0.960716
0.012966,0.735000,0.252034
0.016051,0.968436,0.015514
0.855858,0.025697,0.118445
0.004881,0.993590,0.001528
0.012978,0.868868,0.118155
0.002026,0.007625,0.990348
0.759123,0.041792,0.199085
0.014936,0.009670,0.975393
0.101003,0.005156,0.893841
0.010318,0.989262,0.000420
0.090148,0.019029,0.890822
0.002042,0.062340,0.935618
0.821503,0.078371,0.100126
0.705470,0.021783,0.272747
0.022381,0.976460,0.001159
0.018890,0.059152,0.921957
0.007783,0.991159,0.001057
0.073176,0.027339,0.899485
0.002711,0.076379,0.920910
0.010552,0.265339,0.724109
0.265277,0.670808,0.063915
0.177787,0.013002,0.809212
0.227894,0.772106,0.000000
0.000276,0.017854,0.981870
0.035548,0.961440,0.003012
0.002658,0.069842,0.927500
0.001780,0.997657,0.000563
0.998342,0.001555,0.000103
0.045310,0.046763,0.907927
0.873169,0.126831,0.000001
0.063856,0.896322,0.039822
0.942259,0.009876,0.047866
0.000845,0.006385,0.992770
0.061076,0.028839,0.910085
0.998692,0.000653,0.000655
0.594957,0.194886,0.210157
0.092480,0.904702,0.002818
0.449067,0.510261,0.040672
0.843841,0.031547,0.124612
0.008059,0.987114,0.004827
0.004815,0.039689,0.955496
0.024223,0.958492,0.017285
0.022073,0.594578,0.383349
0.049321,0.949192,0.001487
0.116161,0.875696,0.008144
0.352699,0.127507,0.519794
0.010742,0.987438,0.001819
0.962183,0.008548,0.029269
0.939885,0.024412,0.035704
0.028895,0.965554,0.005551
0.999975,0.000000,0.000024
0.071775,0.928109,0.000117
0.058259,0.026984,0.914757
0.334726,0.600262,0.065012
0.025438,0.006148,0.968414
0.000011,0.016865,0.983124
0.999929,0.000071,0.000000
0.005111,0.993885,0.001003
0.737215,0.009110,0.253675
0.318252,0.681395,0.000353
0.703710,0.280094,0.016196
0.281239,0.024995,0.693766
0.577284,0.399557,0.023159
0.011152,0.002957,0.985891
0.007732,0.989738,0.002531
0.021229,0.839814,0.138957
0.027254,0.019913,0.952833
0.004895,0.054864,0.940241
0.003557,0.058907,0.937537
0.955070,0.000909,0.044020
0.838025,0.152107,0.009868
0.000315,0.047215,0.952470
0.042393,0.949476,0.008131
0.187455,0.807476,0.005069
0.872217,0.089963,0.037820
0.071255,0.928715,0.000031
0.005031,0.993619,0.001350
0.924392,0.002030,0.073579
0.999650,0.000003,0.000347
0.867932,0.073442,0.058626
0.003853,0.032144,0.964003
0.468429,0.518979,0.012592
0.017586,0.980704,0.001710
0.088086,0.910515,0.001400
0.023485,0.017166,0.959350
0.058653,0.913392,0.027955
0.697872,0.000322,0.301806
0.786076,0.074647,0.139277
0.000912,0.035109,0.963979
0.002839,0.011417,0.985744
0.089800,0.015099,0.895101
0.082383,0.003516,0.914101
0.780712,0.073368,0.145920
0.029995,0.969745,0.000260
0.503175,0.140754,0.356071
0.106345,0.891403,0.002252
0.422052,0.577832,0.000116
0.315811,0.677936,0.006252
0.044511,0.950874,0.004616
0.300019,0.692294,0.007687
0.121111,0.032111,0.846779
0.003621,0.003067,0.993313
0.030441,0.179424,0.790135
0.231007,0.742431,0.026561
0.767877,0.038725,0.193397
0.873441,0.120372,0.006187
0.000311,0.007037,0.992652
0.327709,0.664493,0.007798
0.999654,0.000042,0.000304
0.983196,0.016786,0.000018
0.801714,0.012643,0.185644
0.005769,0.016537,0.977695
0.002285,0.995430,0.002285
0.286359,0.641271,0.072370
0.020069,0.979008,0.000922
0.192840,0.085036,0.722124
0.148961,0.849956,0.001084
0.396655,0.602768,0.000577
0.999965,0.000016,0.000019
0.009727,0.008967,0.981306
0.028171,0.034531,0.937297
0.013908,0.986011,0.000081
0.012658,0.079430,0.907912
0.030398,0.002176,0.967427
1.000000,0.000000,0.000000
0.390402,0.608072,0.001527
0.624289,0.020969,0.354742
0.027251,0.964907,0.007842
0.880730,0.104418,0.014852
0.686914,0.021821,0.291265
0.285347,0.612518,0.102134
0.857139,0.007948,0.134913
0.349724,0.648979,0.001297
0.016801,0.010309,0.972890
0.092943,0.020371,0.886685
0.066050,0.019319,0.914630
0.004822,0.994756,0.000422
0.004402,0.009214,0.986384
0.595344,0.021352,0.383304
0.916210,0.012642,0.071148
0.966545,0.028189,0.005266
0.004235,0.972985,0.022780
0.000154,0.021329,0.978517
0.988663,0.010609,0.000728
0.013401,0.011681,0.974917
0.088266,0.902761,0.008973
0.035397,0.105975,0.858628
0.043778,0.017176,0.939046
0.063830,0.909575,0.026595
0.122781,0.643386,0.233833
0.769068,0.023485,0.207447
0.000354,0.998429,0.001217
0.617413,0.097957,0.284630
0.933706,0.016582,0.049711
0.236969,0.192310,0.570721
0.043461,0.004561,0.951979
0.156842,0.012711,0.830447
0.134756,0.200028,0.665216
0.017519,0.978595,0.003886
0.999995,0.000005,0.000000
0.702317,0.046842,0.250841
0.001662,0.989637,0.008701
0.004638,0.983277,0.012086
0.189406,0.005581,0.805013
0.845841,0.087555,0.066604
0.002962,0.024832,0.972206
0.959146,0.018667,0.022187
0.021694,0.392188,0.586118
0.009638,0.989277,0.001085
0.843001,0.114355,0.042644
0.013016,0.979039,0.007945
0.306771,0.690799,0.002430
0.871171,0.067230,0.061599
0.002982,0.124531,0.872487
0.596760,0.254086,0.149155
0.023119,0.958841,0.018040
0.957188,0.004148,0.038664
0.906712,0.018030,0.075258
0.752147,0.200815,0.047038
0.015884,0.005630,0.978486
0.535390,0.138462,0.326148
0.998211,0.000441,0.001347
0.009986,0.058003,0.932011
0.239726,0.012939,0.747335
0.070514,0.002586,0.926900
0.056444,0.139691,0.803865
0.007113,0.000890,0.991997
0.070655,0.033286,0.896059
0.009096,0.989212,0.001692
0.563543,0.178682,0.257776
0.011729,0.875959,0.112312
0.439529,0.005759,0.554711
0.897044,0.017255,0.085700
0.216216,0.018958,0.764826
0.007521,0.148658,0.843821
0.002684,0.699204,0.298112
0.031214,0.033939,0.934847
0.312726,0.683082,0.004192
0.012248,0.002699,0.985053
0.027801,0.971814,0.000385
0.038449,0.001505,0.960046
0.039901,0.019092,0.941008
0.831574,0.123103,0.045324
0.000382,0.006961,0.992658
0.066869,0.669092,0.264039
0.737551,0.001994,0.260456
0.658334,0.002368,0.339299
0.040945,0.002837,0.956218
0.004466,0.097629,0.897905
0.019745,0.651186,0.329068
0.162607,0.835110,0.002283
0.010099,0.012220,0.977681
0.000005,0.595857,0.404138
0.008560,0.074645,0.916795
0.000600,0.998933,0.000468
0.796792,0.006612,0.196596
0.019597,0.082877,0.897526
0.723596,0.005222,0.271182
0.000573,0.028585,0.970842
0.026157,0.909491,0.064352
0.741846,0.001706,0.256448
0.000410,0.927007,0.072583
0.191674,0.807934,0.000392
0.008374,0.022413,0.969214
0.103034,0.878667,0.018299
0.704297,0.233404,0.062299
0.855585,0.011017,0.133398
0.004505,0.936971,0.058525
0.961848,0.023512,0.014639
0.736430,0.020205,0.243365
0.561755,0.032003,0.406242
0.000319,0.999671,0.000010
0.011517,0.014806,0.973676
0.840041,0.152321,0.007639
0.999997,0.000002,0.000000
0.450531,0.002503,0.546966
0.426925,0.487814,0.085261
0.060834,0.913453,0.025713
0.898942,0.001875,0.099183
0.711172,0.136572,0.152256
0.023944,0.025359,0.950697
0.789048,0.035061,0.175891
0.756312,0.003045,0.240644
0.695658,0.039948,0.264394
0.869080,0.126590,0.004330
0.908123,0.037783,0.054094
0.229797,0.193387,0.576817
0.414953,0.409033,0.176015
0.084807,0.033403,0.881791
0.124778,0.005416,0.869806
0.087790,0.003020,0.909190
0.001049,0.998810,0.000142
0.395353,0.006225,0.598422
0.012856,0.228041,0.759103
0.000229,0.955995,0.043776
0.026043,0.051312,0.922645
0.033935,0.950471,0.015594
0.003651,0.008960,0.987388
0.291507,0.021814,0.686679
0.681903,0.208024,0.110074
0.298548,0.701340,0.000112
0.818929,0.005630,0.175440
0.003601,0.988802,0.007597
0.926183,0.029418,0.044399
0.002544,0.993084,0.004373
0.881786,0.020368,0.097846
0.072097,0.923933,0.003970
0.162924,0.003217,0.833860
0.521394,0.477908,0.000698
0.745721,0.246576,0.007703
0.837081,0.103191,0.059727
0.366470,0.441579,0.191951
0.073956,0.749276,0.176767
0.995435,0.000038,0.004528
0.001569,0.987674,0.010757
0.831107,0.146965,0.021929
0.332778,0.666826,0.000395
0.000761,0.977814,0.021424
0.652712,0.002876,0.344412
0.811461,0.019867,0.168672
0.170100,0.829831,0.000069
0.611391,0.056095,0.332513
0.929878,0.030261,0.039861
0.027651,0.972324,0.000024
0.005974,0.050501,0.943525
0.002003,0.949622,0.048374
1.000000,0.000000,0.000000
0.121204,0.010727,0.868069
0.086046,0.064435,0.849519
0.011923,0.006582,0.981496
0.055744,0.010511,0.933745
0.766087,0.034355,0.199558
0.999974,0.000002,0.000024
0.012405,0.143342,0.844253
0.001522,0.114435,0.884043
0.027195,0.010171,0.962634
0.053118,0.936186,0.010696
0.033680,0.952174,0.014146
0.007121,0.040848,0.952031
0.998584,0.000293,0.001123
0.853895,0.025008,0.121097
0.534151,0.109050,0.356800
0.292915,0.019037,0.688048
0.062108,0.341040,0.596853
0.224354,0.770176,0.005470
0.071725,0.002505,0.925770
0.989604,0.004401,0.005995
0.000375,0.991360,0.008264
0.019498,0.980395,0.000107
0.002902,0.889891,0.107206
0.138635,0.695802,0.165563
0.922714,0.046412,0.030874
0.017784,0.978031,0.004185
0.857549,0.109535,0.032916
0.700040,0.121839,0.178121
0.001727,0.940224,0.058049
0.835271,0.156443,0.008287
0.101037,0.042969,0.855995
0.001270,0.985257,0.013473
0.034242,0.157636,0.808122
0.537504,0.460360,0.002136
0.822355,0.173811,0.003834
0.121897,0.875377,0.002726
0.001316,0.012337,0.986347
0.932650,0.003224,0.064126
0.126268,0.028641,0.845091
0.016914,0.977440,0.005646
0.995568,0.001674,0.002757
0.125475,0.030610,0.843916
0.616960,0.381237,0.001803
0.003562,0.934041,0.062397
0.172722,0.005828,0.821450
0.306277,0.605462,0.088261
0.000649,0.988091,0.011260
0.899021,0.047586,0.053393
0.999660,0.000289,0.000051
0.715282,0.251870,0.032848
0.999656,0.000344,0.000000
0.003951,0.550138,0.445911
0.000335,0.999318,0.000347
0.815969,0.015857,0.168174
0.067456,0.916713,0.015830
0.115938,0.147865,0.736197
0.337321,0.279318,0.383361
0.085210,0.003939,0.910851
0.021052,0.030539,0.948409
0.972248,0.002822,0.024930
0.037605,0.743707,0.218688
0.021621,0.029805,0.948574
0.084916,0.029506,0.885578
0.407594,0.004749,0.587658
0.797639,0.013067,0.189294
0.999776,0.000223,0.000001
0.023626,0.031479,0.944895
0.503590,0.391396,0.105013
0.036922,0.017559,0.945519
0.705474,0.294006,0.000521
0.934617,0.017489,0.047894
0.942799,0.000335,0.056866
0.006246,0.993749,0.000005
0.000981,0.919324,0.079695
0.190432,0.798882,0.010686
0.008369,0.981257,0.010374
0.883147,0.041923,0.074929
0.197371,0.780150,0.022479
0.005874,0.003395,0.990731
0.128235,0.018524,0.853242
0.502016,0.019535,0.478449
0.987357,0.002851,0.009793
0.092810,0.143135,0.764055
0.001762,0.996617,0.001621
0.961726,0.031069,0.007205
0.833658,0.086260,0.080082
0.908548,0.040560,0.050892
0.949077,0.015435,0.035487
0.736133,0.182784,0.081083
0.966562,0.014460,0.018979
0.342669,0.656523,0.000808
0.993369,0.002603,0.004028
0.371823,0.090924,0.537253
0.022908,0.043282,0.933811
0.004439,0.994650,0.000911
0.203892,0.050987,0.745122
0.842388,0.147856,0.009756
0.666933,0.262690,0.070378
0.000216,0.934746,0.065038
0.946894,0.052003,0.001104
0.000875,0.966404,0.032721
0.985171,0.000625,0.014204
0.026870,0.811894,0.161235
0.706406,0.040386,0.253208
0.038628,0.073334,0.888038
0.987773,0.002950,0.009277
0.942600,0.001720,0.055680
0.201085,0.599437,0.199478
0.999943,0.000032,0.000025
0.968151,0.024769,0.007080
0.207639,0.784055,0.008306
0.045173,0.042399,0.912428
0.291698,0.611422,0.096880
0.819869,0.124741,0.055391
0.049048,0.890072,0.060880
0.025953,0.012473,0.961574
0.012823,0.013055,0.974123
0.011900,0.979794,0.008306
0.418836,0.579113,0.002051
0.001414,0.084782,0.913804
0.034621,0.011480,0.953900
0.011839,0.064025,0.924136
0.995663,0.000364,0.003972
0.266873,0.727086,0.006042
0.972852,0.023443,0.003705
0.497109,0.479607,0.023284
0.140715,0.516799,0.342485
0.005100,0.002907,0.991993
0.004984,0.973093,0.021923
0.999999,0.000000,0.000001
0.197951,0.051243,0.750806
0.008392,0.006091,0.985517
0.903327,0.077624,0.019048
0.016278,0.954898,0.028824
0.041354,0.003873,0.954773
0.070173,0.039576,0.890251
0.301413,0.686808,0.011779
0.390488,0.556813,0.052699
0.001388,0.010666,0.987946
0.969666,0.013460,0.016874
0.000306,0.002638,0.997056
0.190594,0.785892,0.023514
0.515422,0.011198,0.473380
0.999717,0.000004,0.000279
0.375006,0.272960,0.352034
0.079549,0.005470,0.914981
0.011134,0.118188,0.870678
0.057581,0.911648,0.030771
0.575799,0.415399,0.008802
0.007993,0.006424,0.985583
0.939952,0.023253,0.036795
0.463529,0.356708,0.179763
0.165526,0.834375,0.000099
0.579300,0.008778,0.411922
0.009626,0.969534,0.020840
0.022056,0.253054,0.724891
0.885111,0.042402,0.072487
0.578869,0.263959,0.157172
0.068036,0.931311,0.000653
0.067964,0.053552,0.878485
0.626887,0.030682,0.342431
0.689781,0.014580,0.295639
0.186814,0.101506,0.711680
0.016393,0.043107,0.940501
0.004468,0.994655,0.000878
0.351640,0.646840,0.001519
0.147017,0.406331,0.446652
0.984360,0.005624,0.010016
0.940577,0.012238,0.047184
0.011181,0.326005,0.662815
0.752916,0.114010,0.133074
0.224358,0.775006,0.000636
0.972047,0.004339,0.023614
0.939877,0.022940,0.037182
0.001157,0.968980,0.029863
0.383172,0.260860,0.355968
0.090240,0.060422,0.849338
0.329153,0.006926,0.663920
0.020026,0.216241,0.763733
0.008990,0.989555,0.001455
0.578045,0.308705,0.113250
0.999948,0.000050,0.000002
0.934671,0.003421,0.061908
0.641796,0.238591,0.119613
0.493182,0.018247,0.488571
0.805442,0.047761,0.146797
0.000992,0.976512,0.022496
0.225982,0.015910,0.758108
0.750029,0.142812,0.107160
0.685410,0.098828,0.215762
0.006609,0.812033,0.181359
0.017516,0.004096,0.978388
0.926728,0.035209,0.038063
0.837922,0.003680,0.158398
0.004658,0.994122,0.001220
0.000516,0.007568,0.991916
0.905774,0.070082,0.024144
0.001250,0.880241,0.118509
0.011853,0.987320,0.000828
0.011593,0.988407,0.000000
0.964304,0.011185,0.024512
0.709380,0.101428,0.189191
0.008459,0.007662,0.983878
0.044222,0.040257,0.915521
0.000667,0.014454,0.984878
0.375557,0.058174,0.566269
0.820225,0.024861,0.154914
0.959377,0.007372,0.033252
0.002180,0.005017,0.992803
0.007096,0.283202,0.709702
0.934301,0.009590,0.056108
0.747843,0.013902,0.238256
0.986583,0.001027,0.012390
0.822134,0.081645,0.096221
0.346538,0.029831,0.623631
0.215580,0.780136,0.004284
0.005011,0.003327,0.991662
0.009958,0.014034,0.976008
0.084473,0.013222,0.902305
0.850409,0.010903,0.138688
0.018903,0.955447,0.025650
0.540199,0.387679,0.072122
0.072192,0.012812,0.914996
0.024431,0.082967,0.892602
0.303120,0.006840,0.690040
0.000870,0.007789,0.991341
0.119451,0.878938,0.001611
0.743522,0.036011,0.220467
0.029572,0.043336,0.927091
0.032490,0.947947,0.019563
0.005235,0.002546,0.992219
0.185259,0.347143,0.467597
0.043710,0.011528,0.944762
0.466564,0.533436,0.000000
0.746545,0.048181,0.205274
0.392004,0.035971,0.572026
0.858312,0.050279,0.091409
0.027442,0.012596,0.959962
0.015390,0.981989,0.002620
0.181035,0.031355,0.787610
0.466922,0.099495,0.433583
0.003665,0.996007,0.000328
0.963129,0.023293,0.013578
0.597546,0.383746,0.018707
0.020443,0.117658,0.861899
0.003298,0.991176,0.005526
0.372800,0.405040,0.222160
0.899277,0.000618,0.100106
0.032418,0.029972,0.937610
0.003660,0.013890,0.982450
0.022885,0.055808,0.921307
0.045165,0.319736,0.635100
0.010790,0.367823,0.621388
0.193487,0.805512,0.001001
0.028486,0.010517,0.960997
0.215997,0.045458,0.738545
0.711969,0.233897,0.054134
0.686995,0.120833,0.192172
0.020844,0.977257,0.001900
0.335413,0.057513,0.607073
0.064752,0.934839,0.000409
0.011081,0.988803,0.000116
0.008518,0.032841,0.958641
0.033394,0.130949,0.835657
0.009793,0.970011,0.020196
0.218608,0.030092,0.751301
0.882000,0.031998,0.086003
0.999013,0.000816,0.000172
0.934978,0.061241,0.003781
0.928975,0.024807,0.046218
0.002672,0.103131,0.894196
0.000749,0.995140,0.004111
0.005942,0.977277,0.016780
0.000289,0.988352,0.011359
0.928632,0.002670,0.068698
0.877394,0.013558,0.109047
0.882072,0.020942,0.096986
0.396027,0.603945,0.000028
0.330417,0.662879,0.006704
0.076669,0.923188,0.000142
0.928281,0.069798,0.001922
0.017128,0.506460,0.476412
0.003741,0.073950,0.922309
0.066763,0.932870,0.000367
0.017435,0.937590,0.044974
0.033100,0.041340,0.925560
0.101332,0.684451,0.214216
0.490968,0.072110,0.436923
0.001705,0.859046,0.139249
0.003004,0.888070,0.108926
0.020239,0.956730,0.023030
0.254705,0.002056,0.743239
0.936036,0.037620,0.026344
0.000802,0.972950,0.026248
1.000000,0.000000,0.000000
0.003656,0.019586,0.976759
