0.908957,0.024877,0.066166
0.001787,0.997735,0.000478
0.510982,0.203313,0.285705
0.611471,0.331293,0.057236
0.470580,0.517460,0.011959
0.145794,0.026087,0.828119
0.001657,0.997908,0.000435
0.824814,0.143263,0.031923
0.752140,0.045099,0.202761
0.220809,0.023703,0.755488
0.997551,0.000378,0.002070
0.998452,0.001280,0.000268
0.033229,0.966293,0.000478
0.861421,0.102354,0.036225
0.997849,0.001617,0.000534
0.001902,0.007367,0.990731
0.027794,0.969230,0.002976
0.000691,0.006513,0.992796
0.001783,0.169433,0.828784
0.899545,0.036785,0.063670
0.003167,0.074230,0.922603
0.002947,0.003942,0.993111
0.996535,0.002160,0.001305
0.003724,0.009159,0.987117
0.055525,0.130477,0.813998
0.005040,0.992267,0.002694
0.941907,0.034183,0.023910
0.004518,0.994460,0.001021
0.023377,0.956909,0.019714
0.516968,0.425949,0.057083
0.024805,0.862560,0.112635
0.037999,0.955789,0.006212
0.966491,0.017026,0.016483
0.912058,0.086277,0.001665
0.000821,0.002767,0.996412
0.115931,0.019070,0.864998
0.003897,0.002071,0.994032
0.134183,0.693582,0.172235
0.280987,0.663968,0.055045
0.031537,0.034313,0.934150
0.029057,0.020481,0.950462
0.012087,0.046524,0.941389
0.017755,0.982119,0.000126
0.269698,0.271625,0.458677
0.142547,0.041041,0.816412
1.000000,0.000000,0.000000
0.336273,0.588499,0.075229
0.478051,0.430903,0.091046
0.338753,0.615217,0.046031
0.002723,0.008463,0.988814
0.965004,0.032925,0.002071
0.986816,0.005831,0.007353
0.015356,0.015612,0.969032
0.001750,0.997548,0.000702
0.999964,0.000031,0.000005
0.007278,0.001720,0.991002
0.002577,0.003053,0.994371
0.155897,0.788507,0.055595
0.401639,0.585539,0.012822
0.023148,0.510024,0.466827
0.980035,0.015924,0.004041
0.064577,0.914776,0.020648
0.000005,0.000005,0.999990
0.920012,0.069435,0.010553
0.004173,0.035388,0.960439
0.009771,0.038780,0.951448
0.003547,0.996223,0.000230
0.005666,0.009986,0.984349
0.374579,0.510023,0.115398
0.015565,0.976802,0.007633
0.023877,0.965371,0.010751
0.016481,0.978712,0.004807
0.964139,0.015237,0.020624
0.973759,0.024687,0.001554
0.012998,0.047620,0.939382
0.004506,0.101658,0.893836
0.000004,0.000002,0.999994
0.019634,0.004347,0.976020
0.020556,0.975039,0.004405
0.996407,0.001519,0.002074
0.998981,0.000738,0.000281
0.976640,0.001480,0.021880
0.003133,0.001557,0.995309
0.349217,0.032403,0.618380
0.012716,0.984692,0.002592
0.008745,0.017020,0.974235
0.827919,0.077435,0.094645
0.124138,0.754397,0.121465
0.983093,0.001919,0.014988
0.004150,0.995045,0.000805
0.006034,0.000694,0.993272
0.238144,0.059355,0.702501
0.701528,0.259939,0.038533
0.974429,0.024797,0.000775
1.000000,0.000000,0.000000
0.001751,0.004763,0.993486
0.052580,0.868110,0.079311
0.027115,0.972507,0.000378
0.503818,0.448782,0.047400
0.231095,0.739435,0.029469
0.004954,0.015805,0.979241
0.123361,0.038375,0.838264
0.016862,0.978307,0.004831
0.006535,0.986679,0.006786
0.030691,0.968565,0.000743
0.008188,0.857674,0.134138
0.019030,0.041685,0.939285
0.997451,0.000561,0.001988
0.074523,0.924080,0.001397
0.000345,0.003745,0.995910
0.903187,0.083577,0.013236
0.041837,0.024635,0.933528
0.583076,0.388370,0.028554
0.993663,0.000325,0.006012
0.000223,0.003958,0.995819
0.398325,0.560283,0.041392
0.012388,0.003100,0.984512
0.804966,0.168688,0.026346
0.098509,0.010624,0.890868
0.567361,0.416465,0.016173
0.011306,0.009039,0.979655
0.000635,0.001447,0.997918
0.009149,0.005241,0.985610
0.001395,0.003165,0.995440
0.521985,0.171084,0.306931
0.009798,0.988918,0.001284
0.016580,0.980784,0.002636
0.036489,0.009766,0.953745
0.958985,0.015476,0.025538
0.015688,0.105077,0.879235
0.801910,0.150219,0.047872
0.017815,0.007652,0.974533
0.002780,0.996598,0.000622
0.186172,0.375160,0.438668
0.071854,0.017417,0.910729
0.996544,0.000649,0.002807
0.037554,0.002611,0.959835
0.031097,0.025621,0.943282
0.377410,0.153514,0.469076
0.981276,0.002432,0.016293
0.947020,0.029111,0.023869
0.033813,0.911442,0.054746
0.003304,0.003493,0.993203
0.098701,0.588162,0.313137
0.091592,0.132582,0.775826
0.804171,0.002487,0.193343
0.050830,0.005591,0.943579
0.574847,0.325079,0.100074
0.996087,0.003763,0.000149
0.025091,0.971673,0.003236
0.766329,0.230879,0.002792
0.006111,0.991745,0.002144
0.357512,0.555411,0.087077
0.980967,0.010789,0.008244
0.014983,0.856203,0.128814
0.279558,0.286536,0.433906
0.050379,0.922033,0.027588
0.997348,0.000361,0.002291
0.022568,0.970681,0.006750
0.255966,0.722440,0.021594
0.002342,0.993276,0.004382
0.003390,0.993626,0.002984
0.994982,0.001482,0.003536
0.058865,0.008466,0.932669
0.003431,0.995693,0.000876
0.002988,0.023512,0.973500
0.624852,0.253551,0.121597
0.809673,0.135888,0.054439
0.019946,0.003731,0.976323
0.040177,0.953611,0.006213
0.004337,0.994376,0.001287
0.999312,0.000141,0.000547
0.270265,0.605807,0.123928
0.028579,0.970766,0.000655
0.985876,0.007065,0.007058
0.041688,0.004556,0.953756
0.040059,0.951867,0.008075
0.009824,0.985382,0.004795
0.032839,0.967030,0.000131
0.085232,0.909617,0.005151
0.006157,0.001309,0.992534
0.002286,0.000083,0.997630
0.060679,0.926669,0.012653
0.999998,0.000001,0.000001
0.702676,0.217926,0.079398
0.995325,0.000319,0.004357
0.000461,0.003786,0.995753
0.575191,0.252927,0.171882
0.010705,0.045601,0.943693
0.999815,0.000165,0.000019
0.803690,0.131849,0.064460
0.636021,0.294091,0.069888
0.987317,0.009122,0.003561
0.348856,0.027944,0.623200
0.668859,0.284745,0.046396
0.010134,0.043054,0.946813
0.998752,0.000543,0.000705
0.801664,0.012560,0.185776
0.013373,0.983900,0.002727
0.009195,0.040575,0.950229
1.000000,0.000000,0.000000
0.002243,0.995768,0.001989
0.139597,0.838160,0.022243
0.056119,0.006277,0.937604
0.765181,0.216106,0.018713
0.022350,0.003166,0.974484
0.763984,0.067791,0.168224
0.001499,0.996871,0.001630
0.001236,0.035919,0.962845
0.000004,0.999268,0.000728
0.000000,0.999809,0.000190
0.133710,0.721509,0.144780
0.003328,0.011052,0.985620
0.082336,0.095744,0.821920
0.007990,0.014636,0.977374
0.831036,0.010769,0.158195
0.006894,0.983608,0.009498
0.001073,0.962230,0.036697
0.005871,0.992892,0.001236
0.002392,0.957003,0.040605
0.000931,0.034418,0.964651
0.995359,0.002475,0.002166
0.276859,0.713754,0.009388
0.972036,0.010093,0.017870
1.000000,0.000000,0.000000
0.005340,0.006397,0.988264
0.972376,0.004612,0.023012
0.024826,0.939895,0.035279
0.990699,0.002652,0.006648
0.003979,0.972961,0.023059
0.029229,0.966976,0.003795
0.006464,0.006143,0.987394
0.168746,0.632134,0.199120
0.718439,0.263810,0.017751
0.871697,0.123891,0.004412
0.554011,0.016086,0.429902
0.000041,0.993500,0.006459
0.998813,0.000836,0.000351
0.077510,0.921406,0.001084
0.073541,0.011293,0.915166
0.835032,0.022011,0.142957
0.001835,0.005373,0.992792
0.935329,0.036152,0.028518
0.047656,0.904551,0.047793
0.000566,0.034726,0.964708
0.017007,0.189122,0.793871
0.967438,0.024599,0.007963
0.067654,0.921212,0.011134
0.019678,0.978659,0.001662
0.960374,0.027316,0.012310
0.871318,0.002449,0.126232
0.235541,0.069775,0.694684
0.262173,0.022518,0.715309
0.096467,0.836257,0.067276
0.000001,0.999386,0.000613
0.000106,0.001662,0.998232
0.287959,0.390384,0.321657
0.989589,0.007703,0.002708
0.890554,0.024690,0.084756
0.995834,0.002027,0.002139
0.978795,0.021190,0.000015
0.880256,0.117960,0.001784
0.003504,0.196946,0.799549
0.000001,0.999971,0.000028
0.020662,0.033315,0.946024
0.153385,0.009259,0.837356
0.000131,0.002731,0.997138
0.001251,0.959075,0.039675
0.000108,0.002220,0.997673
0.041066,0.958694,0.000240
0.000003,0.000002,0.999996
1.000000,0.000000,0.000000
0.254087,0.693755,0.052157
0.021650,0.975050,0.003299
0.087704,0.907358,0.004938
0.010179,0.985998,0.003822
0.068960,0.930585,0.000455
0.029206,0.951787,0.019008
0.668787,0.234496,0.096717
0.020768,0.978429,0.000804
1.000000,0.000000,0.000000
0.008465,0.975574,0.015960
0.999993,0.000002,0.000006
0.000007,0.000004,0.999990
0.962068,0.012221,0.025711
0.022163,0.587844,0.389992
0.998152,0.000013,0.001835
0.095587,0.003539,0.900874
0.001616,0.001965,0.996419
0.001324,0.994281,0.004395
0.000196,0.002602,0.997202
0.008985,0.975873,0.015142
0.003420,0.938573,0.058007
0.734304,0.005426,0.260270
0.000883,0.918713,0.080404
0.015178,0.015753,0.969069
0.048509,0.853508,0.097982
0.031725,0.951089,0.017187
0.008182,0.021986,0.969831
0.334617,0.663783,0.001600
0.135757,0.152542,0.711701
1.000000,0.000000,0.000000
0.873554,0.052578,0.073868
0.004368,0.993423,0.002209
0.016969,0.302345,0.680687
0.563416,0.033175,0.403409
0.997965,0.000143,0.001893
0.715892,0.064249,0.219859
1.000000,0.000000,0.000000
0.000111,0.001540,0.998348
0.085973,0.240288,0.673739
0.017235,0.978599,0.004166
0.003252,0.000570,0.996178
0.004069,0.013105,0.982826
0.047038,0.947412,0.005550
0.747231,0.116112,0.136656
0.083872,0.886447,0.029681
0.001804,0.992464,0.005732
0.999812,0.000045,0.000144
0.999445,0.000129,0.000426
0.327460,0.670883,0.001657
0.972734,0.000527,0.026739
0.010169,0.987538,0.002293
0.076896,0.918944,0.004160
0.746740,0.032330,0.220930
0.977105,0.018302,0.004592
0.459110,0.033593,0.507297
0.313628,0.288631,0.397741
0.043559,0.081175,0.875266
0.001891,0.004037,0.994072
0.794241,0.176137,0.029622
0.001892,0.984178,0.013930
0.003423,0.985311,0.011265
0.862400,0.027729,0.109871
0.000387,0.007215,0.992398
0.130420,0.596997,0.272583
0.001042,0.006551,0.992406
0.016114,0.140974,0.842912
0.975563,0.001857,0.022580
0.008400,0.989804,0.001795
0.001330,0.004764,0.993905
0.000129,0.003576,0.996296
0.004384,0.987992,0.007624
0.582941,0.164421,0.252638
0.003334,0.994127,0.002540
0.015629,0.977806,0.006564
0.002828,0.966865,0.030307
0.340363,0.655813,0.003824
0.130146,0.070796,0.799057
0.006890,0.986862,0.006247
0.760206,0.227775,0.012019
1.000000,0.000000,0.000000
0.009842,0.003282,0.986876
0.000839,0.025465,0.973696
0.000965,0.032744,0.966290
0.003667,0.006080,0.990254
0.002901,0.902914,0.094186
0.012654,0.980521,0.006825
0.128197,0.013368,0.858435
0.052340,0.922654,0.025006
0.004602,0.007771,0.987627
0.001299,0.001572,0.997129
0.003744,0.003988,0.992268
0.998181,0.000050,0.001769
0.998911,0.000052,0.001037
0.010587,0.947530,0.041883
0.350554,0.510625,0.138822
0.071578,0.926577,0.001845
0.002469,0.019950,0.977581
0.761036,0.229923,0.009041
0.954009,0.002372,0.043620
0.001711,0.996825,0.001464
0.340343,0.125704,0.533953
0.006280,0.059410,0.934310
0.001317,0.005289,0.993393
0.001097,0.022363,0.976540
0.013264,0.872337,0.114399
0.907680,0.014156,0.078164
0.985992,0.001198,0.012810
0.728520,0.010380,0.261100
0.032733,0.043997,0.923270
0.018497,0.011929,0.969573
0.999253,0.000245,0.000502
0.000358,0.013416,0.986226
0.083895,0.211950,0.704155
0.843162,0.140886,0.015952
0.999891,0.000024,0.000086
0.957626,0.022547,0.019827
0.781891,0.210680,0.007428
0.987865,0.007108,0.005027
0.067373,0.034804,0.897823
0.027373,0.963593,0.009034
0.948153,0.017589,0.034259
0.994729,0.000856,0.004416
1.000000,0.000000,0.000000
0.080902,0.024291,0.894807
0.378192,0.606928,0.014880
0.005588,0.946151,0.048261
0.003982,0.992718,0.003301
0.007226,0.010323,0.982450
0.631253,0.010944,0.357803
0.005268,0.003196,0.991536
0.011930,0.166577,0.821493
0.010629,0.969960,0.019411
0.006477,0.993122,0.000401
0.018061,0.955321,0.026618
0.087218,0.818989,0.093793
0.001892,0.195544,0.802565
0.028347,0.970323,0.001331
0.096694,0.902262,0.001044
0.072656,0.926196,0.001148
0.009774,0.022922,0.967305
0.594124,0.185789,0.220087
0.012864,0.985951,0.001184
0.001298,0.000857,0.997845
0.015383,0.010274,0.974343
0.014273,0.982735,0.002992
0.291552,0.017420,0.691029
0.665627,0.005928,0.328446
0.210602,0.780215,0.009183
0.957467,0.010341,0.032193
0.100148,0.057177,0.842675
0.013788,0.983855,0.002356
0.145967,0.843229,0.010804
0.027987,0.897649,0.074364
0.000589,0.006018,0.993393
0.021009,0.053832,0.925159
0.409502,0.013045,0.577453
0.050199,0.946413,0.003387
0.006712,0.990000,0.003288
0.802642,0.173104,0.024253
0.033696,0.039464,0.926840
0.984453,0.002174,0.013373
0.053387,0.014368,0.932245
0.997520,0.001536,0.000945
0.847426,0.148887,0.003687
0.004314,0.004628,0.991058
0.134561,0.651983,0.213456
0.009857,0.988949,0.001195
1.000000,0.000000,0.000000
0.428984,0.085347,0.485669
0.110801,0.001811,0.887388
0.055998,0.866942,0.077059
0.005689,0.628530,0.365781
0.833974,0.124637,0.041389
0.595023,0.187276,0.217700
0.976535,0.002570,0.020895
0.051718,0.932723,0.015559
0.999972,0.000020,0.000008
0.380246,0.617887,0.001867
0.726978,0.162288,0.110735
0.003628,0.062111,0.934262
0.968512,0.025923,0.005565
0.618916,0.379924,0.001160
0.972068,0.023038,0.004895
0.007173,0.988767,0.004060
0.045974,0.862212,0.091815
0.033634,0.960694,0.005672
0.912132,0.036056,0.051812
0.150668,0.808669,0.040664
0.993403,0.000192,0.006405
0.853607,0.114001,0.032392
0.002608,0.005433,0.991959
0.024296,0.951711,0.023993
0.013136,0.015189,0.971675
0.002309,0.002018,0.995673
0.021301,0.005358,0.973341
0.009427,0.000705,0.989868
0.999964,0.000025,0.000011
0.879530,0.118313,0.002157
0.099948,0.894352,0.005701
0.000003,0.000002,0.999995
0.003705,0.042674,0.953621
0.001953,0.004925,0.993123
0.990513,0.009359,0.000128
1.000000,0.000000,0.000000
0.026792,0.944465,0.028743
0.076248,0.919400,0.004353
0.260612,0.089697,0.649691
0.004339,0.995132,0.000529
0.105485,0.037792,0.856723
0.000449,0.002922,0.996629
0.002682,0.992586,0.004732
0.051652,0.939868,0.008479
0.668341,0.006948,0.324710
0.003433,0.995542,0.001025
0.950282,0.039665,0.010053
0.017556,0.919123,0.063321
0.292661,0.682874,0.024465
0.014897,0.032238,0.952865
0.954218,0.024934,0.020848
0.989038,0.001587,0.009376
0.951207,0.016927,0.031866
0.002157,0.058261,0.939582
0.011286,0.987460,0.001254
0.008016,0.990564,0.001420
0.031930,0.966713,0.001358
0.993205,0.002541,0.004254
0.000222,0.002034,0.997744
0.998532,0.000443,0.001025
0.040074,0.955429,0.004497
0.024952,0.005140,0.969908
0.001275,0.005398,0.993327
0.007479,0.957439,0.035082
0.006700,0.991209,0.002091
0.002350,0.997203,0.000446
0.054094,0.043368,0.902539
0.031946,0.006501,0.961553
0.005418,0.001900,0.992683
0.999997,0.000002,0.000001
0.003351,0.991157,0.005492
0.003324,0.984942,0.011734
0.837670,0.122170,0.040160
0.015423,0.983890,0.000687
0.757698,0.006816,0.235486
0.007841,0.029011,0.963148
0.000000,0.000000,1.000000
0.991805,0.007202,0.000994
0.228684,0.766756,0.004560
0.658977,0.327825,0.013199
0.979824,0.008347,0.011830
0.002261,0.017236,0.980503
0.103353,0.643035,0.253612
0.995726,0.001588,0.002685
0.020947,0.940465,0.038588
0.661598,0.328793,0.009609
0.021817,0.974966,0.003216
0.018593,0.004292,0.977115
0.999988,0.000007,0.000006
0.006430,0.825318,0.168252
0.992426,0.001001,0.006573
0.913218,0.076968,0.009814
0.152590,0.816661,0.030750
0.286084,0.659547,0.054370
0.000000,0.000000,0.999999
0.863873,0.129899,0.006228
0.765355,0.132943,0.101702
0.037623,0.002251,0.960126
0.396131,0.192352,0.411517
0.041658,0.920146,0.038196
0.000000,0.000000,0.999999
0.398961,0.564757,0.036282
0.641740,0.343927,0.014333
0.004016,0.994917,0.001068
0.999918,0.000040,0.000042
0.188824,0.748555,0.062622
0.978839,0.014190,0.006971
0.985310,0.011125,0.003565
0.088439,0.902565,0.008996
0.487809,0.474256,0.037935
0.021198,0.973691,0.005110
0.022173,0.976226,0.001601
0.628515,0.079487,0.291998
0.000000,0.000000,0.999999
0.280085,0.053910,0.666005
0.005336,0.002509,0.992155
0.216767,0.312818,0.470415
0.043679,0.096702,0.859619
0.109993,0.888677,0.001330
0.000001,0.000001,0.999998
0.603220,0.338741,0.058040
0.248869,0.736755,0.014376
0.001403,0.985218,0.013379
0.005887,0.974008,0.020105
0.885737,0.112521,0.001743
0.140127,0.728421,0.131453
0.039564,0.954850,0.005585
0.000007,0.000004,0.999989
0.320535,0.354960,0.324505
0.936226,0.053925,0.009848
0.330516,0.668434,0.001050
0.894779,0.038713,0.066508
0.621956,0.033451,0.344594
0.999284,0.000111,0.000604
0.998531,0.001435,0.000034
0.016634,0.018876,0.964491
0.120469,0.081109,0.798422
0.015810,0.982832,0.001358
0.949833,0.026486,0.023681
0.995799,0.003067,0.001134
0.019240,0.001494,0.979266
0.941990,0.028083,0.029927
0.025880,0.973767,0.000353
0.013157,0.980511,0.006332
0.887818,0.056482,0.055701
0.999879,0.000022,0.000099
0.951994,0.006662,0.041344
0.865259,0.122776,0.011965
0.037054,0.007742,0.955204
0.999798,0.000147,0.000055
0.005916,0.072126,0.921958
1.000000,0.000000,0.000000
0.017079,0.942071,0.040850
0.015806,0.984097,0.000097
0.001223,0.024726,0.974051
0.010017,0.987984,0.001998
0.079740,0.909396,0.010864
0.121790,0.161349,0.716861
0.799359,0.013197,0.187444
0.994962,0.000201,0.004837
0.003826,0.026275,0.969899
0.012196,0.963038,0.024766
0.012855,0.005195,0.981951
0.999077,0.000698,0.000226
0.999996,0.000004,0.000000
0.012232,0.965199,0.022569
0.035199,0.278613,0.686189
0.204540,0.770432,0.025028
0.022320,0.008384,0.969297
0.745818,0.226926,0.027256
0.032131,0.008099,0.959770
0.242155,0.527889,0.229956
0.004863,0.001634,0.993503
0.000003,0.000002,0.999995
0.992954,0.000872,0.006174
0.034073,0.706722,0.259205
0.741563,0.110941,0.147495
0.020112,0.965013,0.014875
0.095592,0.060517,0.843891
0.010414,0.983163,0.006423
0.044302,0.952694,0.003003
0.001021,0.998718,0.000260
0.000007,0.997612,0.002381
0.995403,0.002339,0.002258
0.952924,0.032977,0.014099
0.002879,0.969679,0.027442
0.209702,0.774846,0.015451
0.002187,0.996774,0.001039
0.001283,0.049219,0.949498
0.888439,0.092567,0.018994
0.779198,0.168556,0.052246
0.085290,0.913487,0.001223
0.012993,0.957801,0.029206
0.995946,0.000082,0.003972
0.620331,0.369767,0.009901
0.000003,0.000002,0.999995
0.861130,0.122611,0.016259
0.667198,0.283203,0.049600
0.995998,0.003386,0.000616
0.156473,0.009498,0.834029
0.103857,0.042501,0.853642
1.000000,0.000000,0.000000
0.485093,0.452034,0.062873
0.999788,0.000019,0.000193
0.083445,0.913155,0.003399
0.003428,0.002694,0.993878
0.018122,0.968338,0.013540
0.001259,0.006756,0.991984
0.001344,0.040558,0.958098
0.396289,0.281588,0.322124
0.019625,0.973296,0.007078
0.051429,0.052401,0.896170
0.005300,0.994490,0.000211
0.615382,0.380481,0.004136
0.004259,0.010161,0.985581
0.020900,0.020937,0.958163
0.051617,0.946471,0.001911
0.994998,0.000057,0.004945
0.002956,0.992891,0.004153
0.035109,0.003201,0.961690
0.007965,0.329973,0.662062
0.082578,0.020910,0.896512
0.072755,0.863004,0.064241
0.004040,0.960684,0.035276
0.988391,0.001560,0.010049
0.553004,0.132495,0.314501
0.052236,0.947347,0.000417
0.004241,0.011798,0.983961
0.005891,0.993553,0.000556
0.001136,0.994667,0.004197
0.000017,0.004635,0.995348
1.000000,0.000000,0.000000
0.017753,0.971554,0.010693
0.655729,0.010800,0.333471
0.001576,0.014744,0.983680
1.000000,0.000000,0.000000
0.988536,0.000466,0.010997
0.000139,0.086735,0.913126
0.999971,0.000025,0.000005
0.018777,0.980214,0.001009
0.148063,0.617938,0.233999
0.497510,0.470057,0.032433
0.655333,0.338458,0.006209
0.463316,0.043876,0.492808
0.000003,0.000002,0.999995
0.021488,0.003467,0.975045
0.000344,0.004100,0.995556
0.338356,0.602009,0.059635
0.041663,0.170182,0.788155
0.823334,0.057329,0.119337
0.997000,0.000290,0.002710
0.006352,0.006479,0.987169
0.028210,0.006760,0.965030
1.000000,0.000000,0.000000
0.001624,0.004442,0.993934
0.121128,0.877894,0.000978
0.027414,0.030798,0.941788
0.069754,0.838612,0.091634
0.001078,0.169086,0.829835
0.125006,0.872333,0.002660
0.032491,0.022665,0.944844
0.000775,0.006711,0.992514
0.739923,0.114856,0.145221
0.976682,0.006164,0.017153
0.610504,0.302294,0.087202
0.051189,0.035555,0.913256
0.005206,0.989977,0.004817
0.193829,0.028863,0.777309
0.022035,0.976723,0.001242
0.003666,0.000616,0.995718
0.999948,0.000012,0.000040
0.438926,0.524968,0.036107
0.021998,0.006030,0.971972
0.032992,0.964210,0.002798
0.004205,0.007833,0.987962
0.013560,0.938588,0.047852
0.012902,0.026447,0.960651
0.999809,0.000017,0.000174
0.108022,0.473247,0.418731
0.002715,0.992033,0.005252
0.065168,0.925378,0.009454
0.000109,0.002993,0.996898
0.664208,0.161854,0.173938
0.502537,0.472702,0.024761
0.424709,0.495878,0.079413
0.000157,0.003566,0.996278
0.085514,0.876627,0.037859
0.127506,0.014805,0.857689
0.965318,0.003731,0.030951
0.010535,0.013577,0.975888
0.006545,0.992638,0.000818
0.007173,0.992733,0.000094
0.917702,0.029185,0.053113
0.022528,0.973586,0.003885
0.051283,0.235060,0.713657
0.002821,0.993387,0.003792
0.938797,0.053187,0.008016
0.309465,0.522161,0.168373
0.001997,0.003693,0.994309
0.056688,0.943129,0.000184
0.743323,0.128887,0.127790
0.001468,0.010208,0.988325
0.084671,0.105912,0.809417
0.033974,0.038620,0.927406
0.012729,0.987183,0.000088
0.103263,0.869858,0.026879
0.027074,0.972414,0.000511
0.016538,0.009265,0.974197
0.008311,0.001040,0.990649
0.005621,0.007145,0.987234
0.299788,0.674973,0.025238
0.993703,0.006244,0.000053
0.100109,0.843557,0.056334
0.081863,0.588437,0.329701
0.000466,0.003270,0.996264
0.001339,0.003350,0.995311
0.009519,0.980498,0.009983
0.656321,0.338477,0.005202
0.014009,0.967777,0.018214
0.761795,0.236683,0.001522
0.744592,0.239173,0.016235
0.551437,0.392081,0.056482
0.009995,0.001151,0.988854
0.990164,0.001472,0.008364
0.124802,0.867359,0.007839
0.000002,0.999732,0.000266
0.345676,0.299401,0.354923
0.005475,0.971761,0.022764
0.037336,0.959532,0.003132
0.999060,0.000570,0.000369
0.962454,0.003732,0.033814
0.632418,0.325409,0.042173
0.006439,0.002183,0.991378
0.085785,0.896293,0.017922
0.124617,0.873977,0.001406
0.976393,0.012888,0.010719
0.985352,0.010626,0.004022
0.332774,0.003507,0.663718
0.940263,0.048022,0.011716
0.523531,0.181170,0.295299
0.020575,0.962002,0.017423
0.017637,0.001671,0.980692
0.750081,0.082007,0.167912
0.011321,0.987750,0.000929
0.012929,0.984901,0.002170
0.235479,0.009926,0.754595
0.240769,0.756896,0.002335
0.001086,0.028476,0.970438
0.002148,0.994774,0.003077
0.055823,0.943892,0.000286
0.010949,0.984541,0.004510
0.000681,0.002510,0.996809
0.000128,0.001564,0.998307
0.163348,0.145551,0.691101
0.007288,0.003595,0.989117
0.010303,0.989147,0.000551
0.110018,0.009272,0.880709
0.877331,0.111495,0.011174
0.002265,0.000522,0.997213
0.241499,0.752752,0.005749
0.988643,0.000854,0.010503
0.000195,0.003165,0.996641
0.021574,0.106279,0.872147
0.970928,0.000963,0.028109
0.389689,0.172384,0.437926
0.000003,0.000002,0.999996
0.009085,0.971151,0.019764
0.015039,0.984811,0.000150
0.288569,0.393803,0.317629
0.003575,0.004504,0.991920
0.010876,0.982992,0.006132
0.999954,0.000005,0.000040
0.972134,0.002489,0.025377
0.999966,0.000016,0.000018
0.620143,0.311564,0.068293
0.000003,0.999010,0.000987
0.000175,0.017884,0.981941
0.126322,0.010156,0.863522
0.028139,0.971213,0.000648
0.999731,0.000114,0.000155
0.754055,0.234036,0.011910
0.789505,0.206052,0.004443
0.618433,0.156258,0.225308
0.904418,0.004895,0.090687
0.125658,0.300733,0.573609
0.045762,0.952411,0.001827
0.028146,0.966009,0.005845
0.003973,0.007675,0.988352
0.016264,0.065949,0.917788
0.054664,0.004021,0.941315
0.003442,0.987668,0.008890
0.092772,0.886875,0.020353
0.003339,0.002702,0.993959
0.090498,0.016184,0.893319
0.330918,0.648024,0.021058
0.115571,0.870761,0.013668
0.001012,0.001425,0.997563
0.001758,0.001170,0.997072
0.032632,0.016826,0.950542
0.999993,0.000000,0.000007
0.956800,0.012782,0.030418
0.000001,0.000001,0.999999
0.234339,0.662176,0.103485
0.999130,0.000026,0.000844
0.152756,0.030495,0.816749
0.000414,0.005094,0.994492
0.208238,0.733569,0.058193
0.000883,0.997195,0.001923
0.024678,0.967303,0.008019
0.440890,0.090821,0.468289
0.837488,0.026715,0.135797
0.182206,0.751386,0.066408
0.051401,0.259279,0.689321
0.003057,0.986529,0.010414
0.966861,0.001710,0.031429
0.222994,0.766782,0.010224
0.999857,0.000105,0.000039
0.014391,0.007018,0.978591
0.014772,0.971325,0.013903
0.007411,0.002396,0.990193
0.011446,0.008040,0.980513
0.047982,0.947951,0.004068
0.970719,0.028971,0.000310
0.000139,0.003948,0.995914
0.032987,0.966405,0.000608
0.985165,0.000628,0.014207
0.013568,0.005378,0.981055
0.018091,0.968420,0.013490
0.264864,0.709430,0.025706
0.019087,0.813198,0.167715
0.953307,0.041191,0.005502
0.988623,0.002728,0.008649
0.004162,0.994677,0.001161
0.034469,0.788136,0.177395
0.051023,0.931697,0.017280
0.002227,0.003461,0.994312
0.999991,0.000006,0.000003
0.000002,0.000002,0.999996
0.971398,0.025941,0.002660
0.063953,0.729527,0.206520
0.002899,0.993502,0.003599
0.998946,0.000727,0.000327
0.343163,0.656066,0.000770
0.022016,0.308715,0.669269
0.942889,0.039841,0.017271
0.550093,0.411792,0.038115
0.000126,0.001646,0.998228
0.999788,0.000146,0.000066
0.077501,0.919299,0.003200
0.007600,0.992126,0.000274
0.069641,0.000468,0.929891
0.961233,0.010131,0.028637
0.013824,0.857002,0.129173
0.106404,0.883869,0.009727
0.000277,0.007027,0.992696
0.999990,0.000002,0.000008
0.991248,0.000482,0.008270
0.001212,0.004028,0.994760
0.025409,0.872465,0.102126
0.038442,0.940400,0.021159
0.903186,0.019556,0.077258
0.015535,0.983267,0.001197
0.019547,0.915235,0.065218
0.000001,0.000001,0.999998
0.859993,0.031783,0.108224
0.000154,0.001068,0.998778
0.003143,0.001611,0.995246
0.047337,0.951779,0.000884
0.049321,0.021505,0.929174
0.001403,0.012252,0.986345
0.936394,0.048703,0.014903
0.815132,0.022805,0.162063
0.016630,0.979960,0.003410
0.006224,0.025113,0.968663
0.020042,0.975794,0.004164
0.014811,0.017257,0.967932
0.004132,0.069052,0.926816
0.009571,0.179895,0.810533
0.232766,0.724665,0.042569
0.046737,0.007451,0.945812
0.902711,0.097115,0.000174
0.000058,0.006449,0.993493
0.030386,0.961120,0.008494
0.001188,0.026575,0.972237
0.000001,0.999918,0.000081
0.999971,0.000019,0.000010
0.003294,0.006937,0.989769
0.999963,0.000018,0.000019
0.078298,0.842679,0.079023
0.993097,0.002587,0.004316
0.000001,0.000001,0.999997
0.002489,0.005303,0.992208
0.999755,0.000194,0.000051
0.661222,0.223485,0.115293
0.044434,0.945820,0.009746
0.363753,0.387298,0.248949
0.943813,0.017606,0.038581
0.004989,0.989303,0.005708
0.017508,0.072413,0.910079
0.041038,0.942036,0.016926
0.037751,0.767375,0.194874
0.049884,0.946641,0.003475
0.045470,0.947166,0.007364
0.384468,0.148998,0.466533
0.012757,0.983323,0.003920
0.981392,0.006504,0.012104
0.983186,0.008261,0.008553
0.045074,0.949822,0.005104
1.000000,0.000000,0.000000
0.030987,0.968617,0.000396
0.006353,0.010360,0.983287
0.167952,0.810332,0.021716
0.002208,0.002156,0.995636
0.000140,0.003796,0.996063
1.000000,0.000000,0.000000
0.001299,0.998156,0.000545
0.951407,0.003653,0.044940
0.118392,0.875539,0.006069
0.601172,0.388875,0.009953
0.090273,0.011556,0.898171
0.479869,0.502419,0.017712
0.000000,0.000000,0.999999
0.006721,0.992330,0.000949
0.033618,0.812245,0.154136
0.002225,0.006474,0.991301
0.000729,0.013609,0.985662
0.010330,0.133993,0.855677
0.999073,0.000083,0.000844
0.904176,0.081729,0.014095
0.000703,0.031967,0.967330
0.055154,0.937884,0.006962
0.154937,0.839458,0.005605
0.865736,0.083349,0.050916
0.021884,0.978059,0.000057
0.006420,0.992137,0.001444
0.994257,0.000141,0.005602
1.000000,0.000000,0.000000
0.903454,0.067530,0.029016
0.000792,0.015989,0.983219
0.280968,0.709694,0.009338
0.019727,0.975336,0.004937
0.047119,0.951016,0.001864
0.000418,0.002726,0.996856
0.032082,0.957339,0.010579
0.955015,0.000976,0.044009
0.787326,0.095007,0.117667
0.000047,0.004224,0.995729
0.000118,0.002217,0.997665
0.016622,0.006363,0.977015
0.004083,0.001163,0.994754
0.851708,0.069334,0.078959
0.005531,0.993743,0.000726
0.542227,0.102097,0.355676
0.038590,0.955743,0.005667
0.177869,0.821761,0.000370
0.240604,0.744231,0.015164
0.015712,0.982125,0.002163
0.204750,0.778960,0.016291
0.015655,0.010842,0.973503
0.000004,0.000003,0.999993
0.020427,0.054455,0.925118
0.106106,0.881939,0.011955
0.540482,0.053597,0.405921
0.952465,0.042279,0.005256
0.000057,0.002207,0.997736
0.167818,0.817436,0.014746
1.000000,0.000000,0.000000
0.999321,0.000674,0.000005
0.915380,0.009350,0.075270
0.001852,0.009176,0.988972
0.021838,0.976841,0.001320
0.215763,0.579319,0.204918
0.004871,0.993928,0.001200
0.127637,0.063219,0.809143
0.036228,0.962563,0.001209
0.315915,0.680890,0.003195
1.000000,0.000000,0.000000
0.010527,0.005574,0.983898
0.004853,0.011406,0.983741
0.010666,0.989115,0.000220
0.032344,0.067383,0.900273
0.001753,0.000421,0.997826
1.000000,0.000000,0.000000
0.135368,0.861421,0.003212
0.678428,0.021331,0.300241
0.048639,0.939261,0.012100
0.901545,0.087495,0.010960
0.830027,0.015704,0.154269
0.159394,0.797467,0.043138
0.946350,0.006108,0.047542
0.220607,0.769696,0.009697
0.003480,0.002462,0.994058
0.011175,0.011244,0.977580
0.013451,0.007888,0.978661
0.024501,0.970689,0.004810
0.001343,0.001927,0.996729
0.701171,0.017536,0.281293
0.984497,0.005099,0.010404
0.983943,0.012537,0.003519
0.007467,0.989952,0.002581
0.003649,0.010895,0.985456
0.998149,0.001487,0.000364
0.000969,0.001531,0.997500
0.050365,0.937227,0.012408
0.027291,0.065713,0.906996
0.007124,0.005204,0.987672
0.065715,0.900834,0.033451
0.120700,0.438747,0.440553
0.873753,0.013201,0.113046
0.003822,0.995738,0.000440
0.635919,0.071346,0.292735
0.989548,0.004778,0.005673
0.277064,0.178611,0.544325
0.000009,0.000005,0.999987
0.123736,0.016185,0.860079
0.149387,0.124539,0.726074
0.013395,0.969408,0.017198
1.000000,0.000000,0.000000
0.781272,0.049018,0.169711
0.003690,0.995185,0.001125
0.002974,0.993909,0.003117
0.057942,0.003870,0.938187
0.917576,0.043286,0.039138
0.000148,0.002040,0.997812
0.989473,0.004825,0.005702
0.044074,0.416429,0.539497
0.005649,0.993069,0.001282
0.862165,0.090714,0.047121
0.035300,0.959194,0.005506
0.033261,0.965701,0.001037
0.947809,0.030083,0.022108
0.000917,0.027645,0.971438
0.658591,0.215708,0.125701
0.029789,0.961662,0.008550
0.995404,0.000394,0.004202
0.972015,0.010375,0.017610
0.823894,0.124760,0.051347
0.006792,0.004678,0.988530
0.314023,0.076507,0.609470
0.999988,0.000004,0.000008
0.003842,0.017655,0.978503
0.270632,0.160597,0.568771
0.027261,0.001409,0.971330
0.047510,0.093244,0.859246
0.002356,0.000250,0.997394
0.015335,0.011945,0.972719
0.009143,0.988605,0.002252
0.683936,0.180326,0.135738
0.024573,0.937967,0.037460
0.272572,0.008206,0.719222
0.976218,0.006342,0.017440
0.064643,0.021707,0.913650
0.010135,0.050189,0.939676
0.005257,0.920599,0.074144
0.003004,0.006979,0.990016
0.076726,0.920336,0.002938
0.007573,0.001259,0.991169
0.033154,0.965377,0.001468
0.005711,0.000392,0.993897
0.004329,0.005446,0.990225
0.855957,0.136208,0.007835
0.000001,0.000001,0.999998
0.013751,0.219092,0.767157
0.950548,0.000559,0.048893
0.803562,0.005436,0.191001
0.007344,0.001688,0.990968
0.006740,0.032458,0.960801
0.030406,0.769979,0.199615
0.113999,0.880502,0.005499
0.000764,0.002071,0.997165
0.000000,0.999344,0.000655
0.005606,0.019244,0.975150
0.004046,0.995662,0.000292
0.938971,0.003387,0.057641
0.007163,0.018175,0.974662
0.845214,0.005564,0.149222
0.001014,0.009505,0.989481
0.073484,0.850741,0.075775
0.912908,0.002020,0.085073
0.001272,0.996554,0.002174
0.078859,0.918576,0.002565
0.000390,0.003218,0.996392
0.057079,0.919145,0.023777
0.848939,0.086739,0.064322
0.978828,0.004109,0.017063
0.003677,0.984012,0.012311
0.992637,0.006425,0.000938
0.794977,0.019370,0.185653
0.584477,0.030158,0.385364
0.002750,0.997144,0.000106
0.002808,0.005237,0.991955
0.840638,0.153380,0.005981
1.000000,0.000000,0.000000
0.208107,0.004688,0.787205
0.572465,0.288904,0.138631
0.045105,0.921871,0.033024
0.984378,0.000377,0.015246
0.767240,0.123505,0.109255
0.003168,0.007222,0.989609
0.960047,0.021578,0.018375
0.949864,0.001567,0.048569
0.732865,0.046606,0.220529
0.914802,0.078409,0.006789
0.964949,0.019124,0.015927
0.233401,0.234737,0.531862
0.351522,0.575122,0.073356
0.016331,0.012014,0.971655
0.011031,0.002166,0.986803
0.015122,0.001378,0.983500
0.000001,0.999962,0.000036
0.494624,0.010505,0.494871
0.027607,0.072545,0.899848
0.023721,0.972922,0.003357
0.009297,0.019767,0.970936
0.034190,0.802315,0.163495
0.007496,0.004014,0.988490
0.281479,0.034883,0.683638
0.735681,0.216165,0.048154
0.015847,0.984003,0.000150
0.963336,0.003432,0.033232
0.002302,0.993102,0.004595
0.985681,0.010289,0.004030
0.009670,0.988060,0.002270
0.979769,0.008152,0.012079
0.020262,0.972093,0.007645
0.010930,0.001317,0.987753
0.503908,0.484206,0.011887
0.685490,0.309836,0.004675
0.908417,0.075237,0.016347
0.454991,0.329459,0.215550
0.087688,0.782888,0.129424
0.999992,0.000000,0.000007
0.003113,0.992815,0.004072
0.867297,0.125268,0.007435
0.172341,0.825905,0.001755
0.007015,0.989635,0.003350
0.883678,0.001412,0.114911
0.892120,0.010970,0.096910
0.060788,0.938751,0.000461
0.774643,0.054698,0.170659
0.968509,0.007047,0.024444
0.359066,0.640552,0.000382
0.002224,0.009494,0.988282
0.005157,0.967538,0.027305
1.000000,0.000000,0.000000
0.103448,0.016008,0.880544
0.122986,0.078388,0.798626
0.000005,0.000003,0.999992
0.005045,0.003140,0.991815
0.853954,0.027593,0.118453
1.000000,0.000000,0.000000
0.014830,0.188990,0.796181
0.002290,0.054803,0.942907
0.003778,0.002874,0.993348
0.027662,0.951943,0.020395
0.014057,0.967737,0.018206
0.001497,0.013860,0.984643
0.999995,0.000002,0.000003
0.977353,0.010171,0.012476
0.541018,0.109823,0.349159
0.162024,0.021694,0.816282
0.057774,0.109237,0.832989
0.037154,0.960232,0.002615
0.018594,0.001948,0.979458
0.999656,0.000158,0.000186
0.000002,0.999610,0.000388
0.257280,0.652782,0.089938
0.001842,0.988547,0.009611
0.152585,0.658235,0.189180
0.981722,0.013248,0.005030
0.040173,0.953934,0.005892
0.950964,0.041199,0.007837
0.804453,0.086419,0.109128
0.050650,0.825425,0.123925
0.921245,0.069557,0.009198
0.029271,0.031333,0.939396
0.004966,0.992471,0.002563
0.014023,0.044742,0.941235
0.662690,0.328559,0.008751
0.855989,0.141966,0.002045
0.043858,0.948482,0.007660
0.011349,0.014441,0.974211
0.994817,0.000833,0.004349
0.021787,0.006516,0.971697
0.027495,0.965726,0.006778
0.999958,0.000032,0.000010
0.018606,0.015850,0.965544
0.557756,0.438018,0.004225
0.024359,0.910443,0.065198
0.020174,0.002729,0.977097
0.292419,0.613018,0.094563
0.019490,0.975424,0.005086
0.909033,0.051421,0.039546
0.999997,0.000003,0.000001
0.675801,0.301267,0.022933
0.999998,0.000001,0.000000
0.012180,0.404536,0.583283
0.008852,0.990599,0.000549
0.906509,0.011760,0.081731
0.134852,0.833854,0.031295
0.081876,0.061943,0.856181
0.340261,0.304668,0.355071
0.003832,0.001035,0.995133
0.003224,0.008807,0.987968
0.999615,0.000157,0.000228
0.075705,0.790955,0.133340
0.002160,0.007581,0.990259
0.009845,0.010952,0.979202
0.258323,0.005101,0.736576
0.934677,0.011213,0.054110
0.999997,0.000000,0.000003
0.007291,0.014634,0.978075
0.498399,0.371352,0.130248
0.004309,0.005395,0.990297
0.700588,0.298508,0.000904
0.983427,0.005828,0.010744
0.999801,0.000014,0.000185
0.005923,0.994054,0.000024
0.004654,0.988008,0.007338
0.084093,0.908343,0.007564
0.008877,0.980872,0.010251
0.974260,0.014827,0.010913
0.219077,0.748216,0.032707
0.000001,0.000001,0.999999
0.054413,0.010399,0.935188
0.551382,0.029121,0.419497
0.999704,0.000140,0.000155
0.063093,0.134302,0.802605
0.020524,0.977752,0.001724
0.993758,0.004704,0.001538
0.913048,0.069772,0.017181
0.938504,0.027378,0.034117
0.977390,0.010533,0.012078
0.793197,0.158964,0.047838
0.992883,0.004316,0.002801
0.424868,0.570206,0.004926
0.999543,0.000366,0.000091
0.502254,0.070111,0.427635
0.011300,0.029886,0.958814
0.002748,0.996499,0.000753
0.101396,0.022889,0.875715
0.894735,0.098081,0.007184
0.717573,0.228274,0.054154
0.005471,0.992376,0.002153
0.992207,0.005175,0.002618
0.028021,0.966311,0.005668
0.999866,0.000042,0.000092
0.079672,0.672806,0.247522
0.763306,0.042124,0.194570
0.044072,0.081709,0.874219
0.998605,0.000774,0.000620
0.996328,0.000266,0.003406
0.200638,0.659635,0.139727
1.000000,0.000000,0.000000
0.994650,0.003224,0.002126
0.068929,0.927154,0.003917
0.007769,0.019367,0.972864
0.406067,0.337893,0.256039
0.781599,0.171211,0.047190
0.068169,0.876477,0.055353
0.015858,0.011266,0.972877
0.000407,0.002285,0.997308
0.023778,0.966795,0.009427
0.273789,0.709544,0.016667
0.000363,0.018609,0.981028
0.002205,0.003799,0.993996
0.004210,0.023721,0.972068
0.999959,0.000004,0.000036
0.134560,0.855371,0.010069
0.995600,0.003639,0.000760
0.473521,0.486618,0.039861
0.084173,0.227673,0.688154
0.006126,0.002724,0.991149
0.004482,0.991880,0.003639
1.000000,0.000000,0.000000
0.084099,0.022180,0.893721
0.033175,0.014433,0.952392
0.974654,0.022129,0.003216
0.021504,0.966966,0.011529
0.016797,0.005917,0.977285
0.038882,0.035112,0.926006
0.193198,0.799788,0.007015
0.255555,0.700349,0.044096
0.000613,0.004394,0.994993
0.998532,0.001090,0.000378
0.000001,0.000001,0.999999
0.198858,0.761397,0.039745
0.477412,0.014284,0.508304
1.000000,0.000000,0.000000
0.371075,0.237557,0.391368
0.004513,0.001895,0.993591
0.002541,0.026666,0.970793
0.222746,0.705403,0.071851
0.556976,0.429754,0.013270
0.001868,0.004296,0.993836
0.976411,0.007770,0.015819
0.348937,0.166062,0.485001
0.053565,0.945872,0.000563
0.662069,0.006032,0.331898
0.004604,0.985947,0.009449
0.023882,0.101373,0.874745
0.984469,0.009222,0.006308
0.553162,0.245921,0.200916
0.029121,0.969747,0.001132
0.032318,0.052763,0.914919
0.666750,0.033530,0.299721
0.784843,0.023888,0.191269
0.133791,0.031214,0.834996
0.002220,0.010862,0.986918
0.002596,0.996993,0.000411
0.169665,0.828406,0.001928
0.203029,0.361637,0.435333
0.999459,0.000229,0.000313
0.996441,0.001935,0.001624
0.034727,0.523238,0.442035
0.898966,0.043843,0.057192
0.055419,0.943678,0.000903
0.997109,0.001013,0.001877
0.987889,0.008950,0.003161
0.037216,0.958786,0.003998
0.531998,0.139925,0.328077
0.019930,0.025441,0.954629
0.096696,0.006422,0.896882
0.007051,0.043699,0.949251
0.003660,0.995518,0.000822
0.553112,0.351679,0.095210
1.000000,0.000000,0.000000
0.689482,0.064913,0.245605
0.645092,0.273025,0.081883
0.449275,0.023421,0.527305
0.885449,0.031393,0.083157
0.010117,0.980796,0.009086
0.127440,0.018239,0.854320
0.785509,0.120717,0.093775
0.778227,0.079327,0.142446
0.028284,0.962758,0.008958
0.001487,0.001519,0.996994
0.967351,0.026636,0.006012
0.969987,0.001373,0.028641
0.070093,0.927458,0.002449
0.000001,0.000001,0.999998
0.916337,0.069233,0.014430
0.002266,0.987901,0.009833
0.015773,0.981393,0.002835
0.999963,0.000000,0.000037
0.947025,0.001797,0.051178
0.841002,0.075798,0.083200
0.003668,0.003414,0.992918
0.006313,0.010596,0.983091
0.000001,0.000002,0.999997
0.458631,0.053999,0.487370
0.918803,0.024807,0.056390
0.994633,0.002035,0.003332
0.002834,0.002518,0.994648
0.011789,0.189094,0.799117
0.995434,0.001221,0.003345
0.875079,0.011134,0.113786
0.999708,0.000075,0.000217
0.842521,0.074332,0.083147
0.251956,0.034479,0.713565
0.081734,0.913873,0.004393
0.000001,0.000001,0.999999
0.018545,0.011846,0.969610
0.010933,0.006633,0.982434
0.981733,0.002523,0.015744
0.020789,0.903663,0.075548
0.502197,0.436458,0.061344
0.030677,0.008268,0.961055
0.013156,0.022682,0.964161
0.068631,0.006121,0.925248
0.001432,0.002624,0.995944
0.093509,0.898436,0.008055
0.874242,0.026969,0.098789
0.003169,0.009575,0.987255
0.031293,0.952546,0.016161
0.002095,0.001174,0.996731
0.279434,0.307113,0.413454
0.000880,0.002163,0.996956
0.933280,0.066719,0.000001
0.868416,0.039210,0.092374
0.301431,0.029936,0.668633
0.922079,0.013659,0.064262
0.031830,0.025984,0.942186
0.010995,0.987781,0.001224
0.044307,0.020935,0.934759
0.468696,0.103247,0.428057
0.003654,0.996034,0.000312
0.997502,0.001948,0.000550
0.412156,0.573380,0.014464
0.009387,0.034312,0.956301
0.008759,0.987417,0.003823
0.431555,0.355077,0.213368
0.996088,0.000101,0.003811
0.010650,0.011113,0.978237
0.001511,0.005636,0.992853
0.008491,0.022953,0.968555
0.012103,0.077873,0.910023
0.011014,0.302957,0.686029
0.045528,0.951926,0.002546
0.001437,0.003081,0.995483
0.078364,0.022474,0.899161
0.681226,0.289149,0.029625
0.762231,0.090644,0.147125
0.016531,0.981955,0.001514
0.234333,0.039286,0.726381
0.013756,0.984728,0.001516
0.016096,0.983592,0.000312
0.002689,0.017271,0.980040
0.025265,0.080314,0.894421
0.010034,0.983793,0.006173
0.072539,0.018755,0.908707
0.956216,0.012912,0.030872
0.999988,0.000009,0.000003
0.974002,0.023250,0.002748
0.991829,0.005247,0.002924
0.026004,0.061788,0.912208
0.001578,0.997303,0.001119
0.010163,0.982943,0.006893
0.001351,0.997812,0.000838
0.993378,0.000545,0.006077
0.970544,0.003932,0.025524
0.912991,0.011093,0.075916
0.054748,0.944971,0.000281
0.221252,0.751019,0.027729
0.032347,0.966931,0.000722
0.988469,0.009877,0.001654
0.037843,0.441202,0.520955
0.000139,0.009940,0.989921
0.006223,0.993357,0.000419
0.016824,0.954444,0.028732
0.006386,0.009556,0.984058
0.218680,0.569817,0.211503
0.450788,0.035927,0.513285
0.003009,0.972773,0.024218
0.003358,0.984670,0.011972
0.016699,0.958727,0.024575
0.024691,0.001512,0.973797
0.985653,0.005163,0.009184
0.001562,0.996008,0.002430
1.000000,0.000000,0.000000
0.000550,0.004487,0.994964
